['Screen', [351.1795654296875, 279.466064453125, 469.32745361328125, 366.1427001953125], [11.0, 4.0]]
['Machine', [483.3912048339844, 135.7176513671875, 558.2615966796875, 214.1251220703125], [4.5, 5.5]]
['Cableduct', [217.2735595703125, 3.3141403198242188, 312.1346435546875, 47.38441467285156], [11.0, 3.0]]
['Screen', [614.2526245117188, 287.0638122558594, 639.8901977539062, 365.4372253417969], [11.0, 5.0]]
['Window', [176.1215362548828, 88.68893432617188, 208.5865020751953, 146.4582977294922], [0.5, 0.0]]
['Cableduct', [521.3636474609375, 77.35749816894531, 556.308349609375, 91.46943664550781], [6.0, 5.0]]
['Cableduct', [338.78125, 55.91193389892578, 369.8570556640625, 74.4892349243164], [6.0, 3.0]]
['Machine', [154.84840393066406, 192.40121459960938, 178.9429168701172, 272.4695129394531], [6.0, 0.7]]
['Cableduct', [561.0826416015625, 73.76295471191406, 600.47607421875, 90.25477600097656], [9.0, 5.0]]
['Cableduct', [262.6841125488281, 50.39075469970703, 301.3724670410156, 69.38424682617188], [1.0, 1.0]]
['Cableduct', [432.86419677734375, 74.53082275390625, 460.68902587890625, 87.46128845214844], [6.0, 5.0]]
['Machine', [485.4061279296875, 224.20013427734375, 495.6898193359375, 235.07080078125], [6.0, 5.0]]
