['Screen', [351.36505126953125, 279.412841796875, 468.98455810546875, 366.3406982421875], [11.0, 4.0]]
['Window', [175.0941925048828, 88.98719787597656, 206.51051330566406, 145.8426055908203], [0.5, 0.0]]
['Machine', [483.03985595703125, 135.4918212890625, 559.7578735351562, 214.46734619140625], [4.5, 5.5]]
['Cableduct', [217.97366333007812, 3.464160919189453, 311.6309509277344, 47.500240325927734], [11.0, 3.0]]
['Cableduct', [561.1311645507812, 73.54948425292969, 600.1414184570312, 90.1669921875], [9.0, 5.0]]
['Screen', [614.317626953125, 286.62530517578125, 639.884033203125, 365.0938720703125], [11.0, 5.0]]
['Cableduct', [339.72540283203125, 56.41189956665039, 369.42877197265625, 74.123779296875], [6.0, 3.0]]
['Cableduct', [521.3974609375, 77.12981414794922, 555.920166015625, 91.23934173583984], [6.0, 5.0]]
['Machine', [154.77520751953125, 193.129150390625, 178.20025634765625, 273.6541748046875], [6.0, 0.7]]
['Cableduct', [433.3760070800781, 74.79389953613281, 460.5328063964844, 87.09461975097656], [6.5, 5.0]]
['Cableduct', [263.49114990234375, 50.62501525878906, 299.721435546875, 68.86841583251953], [1.0, 1.0]]
['Machine', [485.3187255859375, 223.63125610351562, 495.77978515625, 235.25152587890625], [6.0, 5.0]]
