['Screen', [351.3282470703125, 279.54400634765625, 468.715576171875, 365.5989990234375], [11.0, 4.0]]
['Machine', [483.9085693359375, 135.44802856445312, 559.2974853515625, 213.88949584960938], [4.5, 5.5]]
['Window', [174.62945556640625, 88.74571228027344, 206.74554443359375, 146.8404083251953], [0.5, 0.0]]
['Cableduct', [218.0142822265625, 3.5339698791503906, 311.8671875, 47.335086822509766], [11.0, 3.0]]
['Cableduct', [521.521484375, 77.3739242553711, 555.662353515625, 91.09017181396484], [6.0, 5.0]]
['Cableduct', [339.88580322265625, 56.563072204589844, 369.22198486328125, 73.9559097290039], [6.0, 3.0]]
['Screen', [614.44580078125, 286.60333251953125, 639.8914794921875, 365.30267333984375], [11.0, 5.0]]
['Cableduct', [561.404541015625, 73.69558715820312, 599.860595703125, 89.8662109375], [9.0, 5.0]]
['Cableduct', [263.38189697265625, 50.69804382324219, 299.20782470703125, 68.76763916015625], [1.0, 1.0]]
['Machine', [154.82179260253906, 192.43145751953125, 178.5954132080078, 273.3052062988281], [6.0, 0.7]]
['Cableduct', [433.2791442871094, 74.7276611328125, 460.4449157714844, 87.0330810546875], [6.5, 5.0]]
['Machine', [485.183837890625, 223.6639404296875, 495.826416015625, 235.364013671875], [6.0, 5.0]]
