['Machine', [194.79656982421875, 155.11279296875, 213.4853515625, 184.57723999023438], [5.2, 0.7]]
['Screen', [349.904541015625, 278.80853271484375, 471.12890625, 371.0703125], [11.0, 4.0]]
['Cableduct', [218.39605712890625, 3.8742828369140625, 311.9287109375, 48.330116271972656], [11.0, 3.0]]
['Machine', [482.04669189453125, 135.4339599609375, 559.2339477539062, 215.0626220703125], [4.5, 5.5]]
['Machine', [174.53155517578125, 153.54452514648438, 192.36447143554688, 182.93722534179688], [5.2, 0.3]]
['Screen', [614.5113525390625, 287.4017333984375, 639.8585205078125, 364.5247802734375], [11.0, 5.0]]
['Cableduct', [341.0081787109375, 56.879798889160156, 368.53741455078125, 73.3922348022461], [6.0, 3.0]]
['Cableduct', [561.5618286132812, 73.78282165527344, 599.5656127929688, 89.58253479003906], [9.0, 5.0]]
['Cableduct', [522.1189575195312, 77.584716796875, 555.7007446289062, 90.7586669921875], [6.0, 5.0]]
['Cableduct', [263.8101806640625, 51.150962829589844, 297.15216064453125, 68.48941040039062], [1.0, 1.0]]
['Cableduct', [433.4559326171875, 74.80233764648438, 460.34375, 87.1396484375], [6.5, 5.0]]
['Machine', [230.80673217773438, 134.41714477539062, 244.6903076171875, 148.51214599609375], [0.5, 1.0]]
['Machine', [486.0113525390625, 224.06192016601562, 496.3109130859375, 235.01748657226562], [6.0, 5.0]]
