['Screen', [349.921142578125, 279.37750244140625, 470.1260986328125, 369.67193603515625], [11.0, 4.0]]
['Window', [176.6123809814453, 89.19900512695312, 206.4117889404297, 146.4371337890625], [0.5, 0.0]]
['Machine', [482.5136413574219, 135.3604736328125, 557.94189453125, 213.99893188476562], [4.5, 5.5]]
['Cableduct', [218.67041015625, 4.859806060791016, 311.576904296875, 47.49284744262695], [11.0, 3.0]]
['Machine', [247.58346557617188, 123.82552337646484, 278.0815124511719, 160.58102416992188], [0.7, 1.5]]
['Screen', [614.6669921875, 286.4822692871094, 639.858642578125, 364.5494689941406], [11.0, 5.0]]
['Cableduct', [341.52008056640625, 57.68069839477539, 367.64556884765625, 72.642578125], [6.0, 3.0]]
['Cableduct', [561.65771484375, 74.22715759277344, 599.4326171875, 89.45011901855469], [9.0, 5.0]]
['Cableduct', [522.3756103515625, 77.94303131103516, 555.5294189453125, 90.7267074584961], [6.0, 5.0]]
['Cableduct', [434.2105407714844, 75.36503601074219, 459.8124694824219, 86.50509643554688], [6.5, 5.0]]
['Cableduct', [263.01812744140625, 51.47515869140625, 295.87554931640625, 67.76054382324219], [1.0, 1.0]]
['Machine', [485.60943603515625, 224.14437866210938, 496.14764404296875, 235.28536987304688], [6.0, 5.0]]
['Machine', [197.7276611328125, 138.54833984375, 234.99163818359375, 169.3602294921875], [3.7, 0.4]]
