['Screen', [350.26800537109375, 279.37164306640625, 469.86572265625, 369.339599609375], [11.0, 4.0]]
['Machine', [196.67239379882812, 139.04681396484375, 231.50149536132812, 170.47576904296875], [3.7, 0.4]]
['Machine', [525.704345703125, 222.99501037597656, 554.61474609375, 248.7327117919922], [5.5, 7.0]]
['Machine', [483.1348876953125, 135.32565307617188, 558.6243896484375, 214.05191040039062], [4.5, 5.5]]
['Cableduct', [218.53469848632812, 5.490673065185547, 312.0464172363281, 47.617488861083984], [11.0, 3.0]]
['Screen', [614.8530883789062, 287.0751953125, 639.8518676757812, 364.365966796875], [11.0, 5.0]]
['Cableduct', [522.184326171875, 77.85467529296875, 556.09716796875, 90.80445861816406], [6.0, 5.0]]
['Cableduct', [561.7208862304688, 74.34988403320312, 599.3167114257812, 89.53817749023438], [9.0, 5.0]]
['Machine', [193.95660400390625, 156.42384338378906, 212.61669921875, 187.3295135498047], [5.0, 0.7]]
['Machine', [170.1824951171875, 153.2554931640625, 191.5206298828125, 182.36602783203125], [5.0, 0.4]]
['Cableduct', [341.08203125, 57.21186065673828, 368.2286376953125, 73.04126739501953], [6.0, 3.0]]
['Cableduct', [433.877197265625, 75.29801940917969, 459.9844970703125, 86.72227478027344], [6.5, 5.0]]
['Cableduct', [264.8592529296875, 51.582481384277344, 296.451171875, 67.70418548583984], [1.0, 1.0]]
['Machine', [485.91912841796875, 224.26600646972656, 496.40447998046875, 234.87022399902344], [6.0, 5.0]]
