['Screen', [353.86004638671875, 281.666748046875, 468.34393310546875, 362.64990234375], [11.0, 4.0]]
['Window', [174.09413146972656, 88.2908935546875, 208.43626403808594, 150.29022216796875], [0.5, 0.0]]
['Machine', [248.33712768554688, 120.89131927490234, 278.2331848144531, 156.26742553710938], [0.7, 1.5]]
['Screen', [164.03839111328125, 133.69332885742188, 185.42034912109375, 163.79940795898438], [5.0, 0.3]]
['Machine', [483.21405029296875, 137.58145141601562, 556.8204956054688, 214.38101196289062], [4.5, 5.5]]
['Machine', [325.718505859375, 186.16656494140625, 347.1328125, 227.412109375], [1.5, 2.5]]
['Machine', [282.2560729980469, 135.42373657226562, 297.0772399902344, 160.17977905273438], [1.0, 2.0]]
['Cableduct', [219.58877563476562, 4.7987213134765625, 311.3894348144531, 47.338191986083984], [11.0, 3.0]]
['Screen', [614.2305297851562, 286.869873046875, 639.8723754882812, 364.8660888671875], [11.0, 5.0]]
['Cableduct', [561.50927734375, 73.71768951416016, 599.552734375, 89.77104949951172], [9.0, 5.0]]
['Cableduct', [521.2776489257812, 77.10740661621094, 556.0607299804688, 91.32635498046875], [6.0, 5.0]]
['Cableduct', [341.4710693359375, 57.20781707763672, 368.1412353515625, 72.76665496826172], [6.0, 3.0]]
['Cableduct', [265.87615966796875, 51.603179931640625, 295.65313720703125, 67.08097839355469], [1.0, 1.0]]
['Cableduct', [433.1698303222656, 74.42564392089844, 460.8835754394531, 86.84724426269531], [6.5, 5.0]]
['Machine', [193.73638916015625, 139.22015380859375, 234.92227172851562, 176.45550537109375], [4.0, 0.5]]
['Machine', [224.15313720703125, 129.02447509765625, 241.43875122070312, 154.44525146484375], [0.7, 1.0]]
