['Machine', [196.6140594482422, 138.16854858398438, 234.06114196777344, 168.44906616210938], [2.5, 0.4]]
['Screen', [352.57464599609375, 279.7280578613281, 468.27508544921875, 364.0576477050781], [11.0, 4.0]]
['Machine', [482.9858093261719, 135.59732055664062, 558.283935546875, 214.27426147460938], [4.5, 5.5]]
['Machine', [525.1507568359375, 222.88058471679688, 554.4920654296875, 248.42965698242188], [7.0, 5.5]]
['Cableduct', [218.14376831054688, 4.230228424072266, 312.2549743652344, 47.82978439331055], [11.0, 3.0]]
['Screen', [614.58447265625, 286.359130859375, 639.8740234375, 364.93634033203125], [11.0, 5.0]]
['Cableduct', [561.3704833984375, 73.30894470214844, 599.9986572265625, 90.15713500976562], [9.0, 5.0]]
['Cableduct', [520.7900390625, 76.81756591796875, 556.0908203125, 91.66387939453125], [6.0, 5.0]]
['Machine', [246.69105529785156, 122.66346740722656, 278.218505859375, 155.08546447753906], [0.7, 1.5]]
['Cableduct', [263.0370788574219, 50.746498107910156, 299.5165100097656, 69.10639190673828], [1.0, 1.0]]
['Machine', [485.998046875, 224.1883544921875, 496.3868408203125, 235.02020263671875], [6.0, 5.0]]
['Machine', [171.5355682373047, 154.44976806640625, 191.91917419433594, 182.26580810546875], [5.0, 0.3]]
['Cableduct', [340.0511474609375, 56.73015213012695, 369.72412109375, 74.23945617675781], [6.0, 3.0]]
['Machine', [194.80740356445312, 155.13502502441406, 210.53421020507812, 182.28746032714844], [5.0, 0.7]]
