['Screen', [351.5792236328125, 279.58203125, 470.53533935546875, 367.60302734375], [11.0, 4.0]]
['Machine', [483.0426330566406, 135.27444458007812, 559.6136474609375, 214.66140747070312], [4.5, 5.5]]
['Cableduct', [219.08154296875, 4.500617980957031, 312.06201171875, 47.5240478515625], [11.0, 3.0]]
['Screen', [614.184814453125, 286.5259094238281, 639.883544921875, 364.9747619628906], [11.0, 5.0]]
['Cableduct', [341.45257568359375, 57.26740646362305, 368.58685302734375, 73.11543273925781], [6.0, 3.0]]
['Cableduct', [560.9701538085938, 73.13604736328125, 600.0932006835938, 90.4034423828125], [9.0, 5.0]]
['Cableduct', [520.5991821289062, 76.68954467773438, 556.0072631835938, 92.08251953125], [6.0, 5.0]]
['Cableduct', [264.4622497558594, 51.50492858886719, 297.1800231933594, 67.822265625], [1.0, 1.0]]
['Machine', [154.34152221679688, 191.1727294921875, 178.20870971679688, 273.9228820800781], [6.0, 0.7]]
['Cableduct', [432.8306884765625, 74.3226089477539, 461.26605224609375, 87.67847442626953], [6.5, 5.0]]
['Machine', [485.2071533203125, 223.2184600830078, 496.036376953125, 235.1475372314453], [6.5, 5.0]]
