['Screen', [350.6213684082031, 279.353271484375, 469.0807189941406, 365.170654296875], [11.0, 4.0]]
['Machine', [482.81256103515625, 135.56622314453125, 558.3840942382812, 214.1800537109375], [4.5, 5.5]]
['Window', [174.72174072265625, 88.37313842773438, 208.73294067382812, 146.80523681640625], [4.5, 5.5]]
['Cableduct', [218.22544860839844, 3.1412506103515625, 312.385009765625, 47.69348907470703], [11.0, 3.0]]
['Screen', [614.0219116210938, 286.83709716796875, 639.8972778320312, 365.5531005859375], [11.0, 5.0]]
['Cableduct', [520.746337890625, 77.13701629638672, 556.2109375, 91.7726821899414], [6.0, 5.0]]
['Cableduct', [338.4520568847656, 55.86343765258789, 370.1604919433594, 74.85562133789062], [6.0, 3.0]]
['Cableduct', [561.10791015625, 73.75091552734375, 599.63720703125, 90.08563232421875], [9.0, 5.0]]
['Cableduct', [263.21441650390625, 50.289329528808594, 301.42059326171875, 69.1187973022461], [1.0, 1.0]]
['Cableduct', [432.9417724609375, 74.30186462402344, 461.0277099609375, 87.63746643066406], [6.5, 5.0]]
['Machine', [485.3103942871094, 224.03912353515625, 496.1863098144531, 235.17510986328125], [6.0, 5.0]]
