['Screen', [350.91302490234375, 279.2822265625, 470.39227294921875, 367.81640625], [11.0, 4.0]]
['Machine', [482.67376708984375, 135.45004272460938, 557.8475952148438, 214.21136474609375], [11.0, 5.0]]
['Cableduct', [217.4802703857422, 3.366985321044922, 312.15069580078125, 47.87843704223633], [11.0, 3.0]]
['Screen', [614.1964111328125, 286.98944091796875, 639.8974609375, 365.56219482421875], [11.0, 5.0]]
['Window', [176.56854248046875, 88.71603393554688, 207.6002197265625, 143.93527221679688], [0.5, 0.0]]
['Cableduct', [521.6417846679688, 77.54818725585938, 555.9949340820312, 91.554443359375], [6.0, 5.0]]
['Cableduct', [339.15032958984375, 56.21525955200195, 369.48651123046875, 74.34370422363281], [6.0, 3.0]]
['Cableduct', [561.002685546875, 73.87382507324219, 599.7421875, 90.25352478027344], [9.0, 5.0]]
['Machine', [155.17813110351562, 192.00640869140625, 179.45443725585938, 272.58929443359375], [6.0, 0.7]]
['Cableduct', [263.1026306152344, 50.17920684814453, 300.5804138183594, 69.05840301513672], [1.0, 1.0]]
['Cableduct', [433.24627685546875, 74.62208557128906, 460.60858154296875, 87.27951049804688], [6.5, 5.0]]
['Machine', [485.3704833984375, 224.43165588378906, 495.958984375, 235.0980987548828], [6.0, 5.0]]
