['Screen', [351.8379821777344, 279.7174072265625, 468.4206848144531, 362.7933349609375], [11.0, 4.0]]
['Window', [173.95291137695312, 88.27243041992188, 208.91958618164062, 147.76174926757812], [0.5, 0]]
['Machine', [482.882568359375, 135.91351318359375, 558.3748779296875, 214.53152465820312], [4.5, 5.5]]
['Machine', [154.82449340820312, 192.43634033203125, 180.3455810546875, 273.43988037109375], [6.0, 0.7]]
['Screen', [614.3599853515625, 287.20660400390625, 639.8792724609375, 365.30194091796875], [11.0, 5.0]]
['Cableduct', [217.81204223632812, 3.015056610107422, 312.4608459472656, 47.27626419067383], [11.0, 3.0]]
['Cableduct', [560.5244750976562, 72.92045593261719, 600.6918334960938, 91.19364929199219], [9.0, 5.0]]
['Cableduct', [519.4134521484375, 75.90111541748047, 557.0819091796875, 92.94745635986328], [6.0, 5.0]]
['Cableduct', [338.53271484375, 55.363101959228516, 371.67218017578125, 75.4202880859375], [6.0, 3.0]]
['Cableduct', [263.01727294921875, 50.45977783203125, 302.314697265625, 69.29300689697266], [1.0, 1.0]]
['Machine', [485.1270751953125, 223.02578735351562, 496.651123046875, 236.13180541992188], [6.0, 5.0]]
['Cableduct', [431.16571044921875, 72.24195861816406, 463.6771240234375, 89.41975402832031], [6.5, 5.0]]
