['Screen', [349.57037353515625, 278.89788818359375, 471.163330078125, 371.26922607421875], [11.0, 4.0]]
['Machine', [482.7113037109375, 135.3885955810547, 558.0078125, 214.3799285888672], [4.5, 5.5]]
['Cableduct', [218.20416259765625, 4.017406463623047, 311.70538330078125, 48.5955924987793], [11.0, 3.0]]
['Cableduct', [340.9278564453125, 57.26953887939453, 368.4647216796875, 73.3773422241211], [6.0, 3.0]]
['Screen', [614.546630859375, 286.3470458984375, 639.8651123046875, 364.61669921875], [11.0, 5.0]]
['Cableduct', [561.5870361328125, 74.14408874511719, 599.4681396484375, 89.65354919433594], [9.0, 5.0]]
['Cableduct', [263.56439208984375, 51.17042541503906, 297.54071044921875, 68.45136260986328], [1.0, 1.0]]
['Cableduct', [522.4371337890625, 77.72518920898438, 555.5421142578125, 90.87167358398438], [6.0, 5.0]]
['Machine', [140.53448486328125, 190.90560913085938, 177.06536865234375, 274.3356018066406], [6.0, 0.7]]
['Cableduct', [433.6367492675781, 74.77767181396484, 460.0534973144531, 87.05536651611328], [6.5, 5.0]]
['Machine', [485.83538818359375, 224.05746459960938, 496.3128662109375, 235.08255004882812], [6.0, 5.0]]
