['Screen', [349.2662353515625, 278.9881591796875, 469.18896484375, 369.09521484375], [11.0, 4.0]]
['Machine', [482.1605224609375, 135.25094604492188, 558.09521484375, 214.72946166992188], [4.5, 5.5]]
['Screen', [618.327880859375, 289.86474609375, 639.748779296875, 343.485595703125], [11.0, 5.0]]
['Cableduct', [218.10589599609375, 3.9679641723632812, 311.81573486328125, 48.42073440551758], [11.0, 3.0]]
['Machine', [162.1964569091797, 180.16372680664062, 199.55162048339844, 239.25540161132812], [5.5, 0.5]]
['Cableduct', [341.07550048828125, 57.539119720458984, 367.96826171875, 72.98867797851562], [6.0, 3.0]]
['Cableduct', [560.836669921875, 74.11616516113281, 599.7197265625, 89.62638854980469], [9.0, 5.0]]
['Machine', [140.25692749023438, 188.67059326171875, 175.29653930664062, 272.9273986816406], [6.0, 0.7]]
['Cableduct', [521.9173583984375, 77.62104797363281, 556.0972900390625, 90.97471618652344], [6.0, 5.0]]
['Cableduct', [262.94342041015625, 50.995887756347656, 295.80194091796875, 67.75701141357422], [1.0, 1.0]]
['Cableduct', [433.63641357421875, 74.80630493164062, 460.22125244140625, 86.90487670898438], [6.5, 5.0]]
['Machine', [231.11212158203125, 134.75201416015625, 244.33331298828125, 146.90234375], [0.5, 1.5]]
['Machine', [252.01998901367188, 173.0699005126953, 272.7046203613281, 195.5071258544922], [1.5, 2.0]]
['Machine', [486.34808349609375, 223.70175170898438, 495.88421630859375, 234.84744262695312], [6.0, 5.0]]
['Machine', [473.8453674316406, 206.79925537109375, 487.9679870605469, 220.70440673828125], [5.0, 5.0]]
