['Screen', [350.76513671875, 278.77630615234375, 470.2294921875, 368.61553955078125], [11.0, 4.0]]
['Machine', [482.5101013183594, 135.0491943359375, 558.4276123046875, 214.8653564453125], [4.5, 5.5]]
['Cableduct', [218.53042602539062, 3.9617385864257812, 312.6358337402344, 48.43020248413086], [11.0, 3.0]]
['Cableduct', [341.16021728515625, 57.530399322509766, 368.10821533203125, 72.92422485351562], [6.0, 3.0]]
['Cableduct', [522.163330078125, 77.90931701660156, 555.5751953125, 90.71406555175781], [6.0, 5.0]]
['Cableduct', [561.6051025390625, 74.01399230957031, 599.7039794921875, 89.39195251464844], [9.0, 5.0]]
['Screen', [614.2485961914062, 286.59234619140625, 639.8701782226562, 364.08233642578125], [11.0, 5.0]]
['Cableduct', [263.8398742675781, 51.428367614746094, 297.1541442871094, 68.10737609863281], [1.0, 1.0]]
['Machine', [141.21189880371094, 191.61172485351562, 176.4800262451172, 274.0787658691406], [6.0, 0.7]]
['Cableduct', [433.6134033203125, 74.95831298828125, 459.9920654296875, 86.68862915039062], [6.5, 5.0]]
['Machine', [485.95831298828125, 223.82614135742188, 496.29595947265625, 234.97610473632812], [6.0, 5.0]]
