['Window', [174.16799926757812, 88.68701171875, 208.22030639648438, 149.7773895263672], [0.5, 0.0]]
['Screen', [353.155517578125, 281.7344970703125, 468.6036376953125, 364.754150390625], [11.0, 4.0]]
['Machine', [248.26531982421875, 121.28787994384766, 278.1201171875, 156.29574584960938], [0.7, 1.5]]
['Machine', [482.5440368652344, 137.3603515625, 557.3026123046875, 215.09078979492188], [4.5, 5.5]]
['Cableduct', [219.6085205078125, 5.449611663818359, 312.1619873046875, 47.40180587768555], [11.0, 3.0]]
['Machine', [282.2602233886719, 135.65887451171875, 296.8480529785156, 160.46621704101562], [1.0, 1.5]]
['Machine', [325.77978515625, 186.30596923828125, 347.0263671875, 227.291748046875], [1.5, 2.0]]
['Screen', [164.264404296875, 133.63658142089844, 185.23580932617188, 163.8931427001953], [1.0, 0.2]]
['Cableduct', [341.66455078125, 57.51386260986328, 367.972412109375, 72.52521514892578], [6.0, 3.0]]
['Cableduct', [561.3057861328125, 73.88098907470703, 599.7716064453125, 89.88892364501953], [9.0, 5.0]]
['Screen', [614.26513671875, 286.4923400878906, 639.8773193359375, 364.9079895019531], [11.0, 5.0]]
['Cableduct', [521.7494506835938, 77.43464660644531, 556.2999877929688, 90.95292663574219], [6.0, 5.0]]
['Cableduct', [433.7255554199219, 75.03996276855469, 460.2358093261719, 86.36445617675781], [6.5, 5.0]]
['Cableduct', [265.7362060546875, 51.523040771484375, 295.4693603515625, 66.71780395507812], [1.0, 1.0]]
['Machine', [484.84393310546875, 226.5189208984375, 494.00726318359375, 235.83383178710938], [6.0, 5.0]]
['Machine', [224.00869750976562, 129.10000610351562, 241.19674682617188, 154.23385620117188], [0.7, 0.1]]
['Machine', [192.825439453125, 138.93597412109375, 235.05035400390625, 176.01046752929688], [3.7, 0.4]]
