['Screen', [349.38037109375, 279.0815734863281, 471.1644287109375, 370.5527648925781], [11.0, 4.0]]
['Machine', [482.4614562988281, 135.74075317382812, 558.53759765625, 214.84036254882812], [4.5, 5.5]]
['Cableduct', [218.63922119140625, 3.835613250732422, 312.11083984375, 48.694942474365234], [11.0, 3.0]]
['Cableduct', [341.2149963378906, 57.4212760925293, 368.3069763183594, 73.06352233886719], [6.0, 3.0]]
['Screen', [614.23828125, 286.9332275390625, 639.8642578125, 364.384521484375], [11.0, 5.0]]
['Cableduct', [561.3780517578125, 74.31468200683594, 599.6075439453125, 89.59587097167969], [9.0, 5.0]]
['Cableduct', [521.7822265625, 77.89370727539062, 555.70556640625, 90.87567138671875], [6.0, 5.0]]
['Machine', [139.7542724609375, 189.01287841796875, 175.3297119140625, 273.9017639160156], [6.0, 0.7]]
['Machine', [161.91677856445312, 179.63552856445312, 199.64877319335938, 240.23153686523438], [5.5, 0.5]]
['Machine', [251.7039794921875, 173.83041381835938, 273.4571533203125, 195.93283081054688], [1.5, 2.0]]
['Cableduct', [263.3204040527344, 51.088340759277344, 295.7871398925781, 67.61370849609375], [1.0, 1.0]]
['Cableduct', [433.67572021484375, 74.81246185302734, 460.02117919921875, 86.88375091552734], [6.5, 5.0]]
['Machine', [230.89102172851562, 134.8455047607422, 244.18087768554688, 148.0326385498047], [1.5, 0.5]]
['Machine', [485.7540283203125, 223.97598266601562, 496.0972900390625, 235.15689086914062], [6.0, 5.0]]
