['Screen', [351.31756591796875, 279.4239196777344, 469.126220703125, 366.3932800292969], [11.0, 4.0]]
['Cableduct', [218.8125, 4.920139312744141, 312.11492919921875, 47.90707778930664], [11.0, 3.0]]
['Machine', [483.25433349609375, 135.38607788085938, 558.8986206054688, 214.23825073242188], [4.5, 5.5]]
['Machine', [169.98846435546875, 153.61521911621094, 192.190185546875, 182.4293975830078], [5.0, 0.3]]
['Machine', [527.505615234375, 223.45306396484375, 553.8297119140625, 247.55313110351562], [7.0, 5.5]]
['Machine', [248.51815795898438, 122.82391357421875, 279.1999206542969, 158.50408935546875], [0.7, 1.5]]
['Machine', [230.57171630859375, 134.07693481445312, 244.684814453125, 149.70626831054688], [0.7, 1.0]]
['Machine', [193.81796264648438, 155.63079833984375, 213.97543334960938, 187.6160888671875], [5.0, 0.7]]
['Cableduct', [522.1253662109375, 77.60997009277344, 555.879638671875, 90.86030578613281], [6.0, 5.0]]
['Cableduct', [341.28094482421875, 57.41941833496094, 368.49603271484375, 73.10914611816406], [6.0, 3.0]]
['Cableduct', [561.6705322265625, 73.92892456054688, 599.397216796875, 89.61105346679688], [9.0, 5.0]]
['Screen', [614.0283203125, 289.97857666015625, 639.7259521484375, 363.33526611328125], [11.0, 5.0]]
['Cableduct', [433.9415588378906, 75.22344970703125, 460.0677185058594, 86.8258056640625], [6.5, 5.0]]
['Cableduct', [263.977294921875, 51.48272705078125, 296.8211669921875, 68.07173156738281], [1.0, 1.0]]
['Machine', [485.8468017578125, 224.01792907714844, 496.3253173828125, 235.0094757080078], [6.0, 5.0]]
