['Screen', [350.193359375, 278.9952392578125, 470.91558837890625, 370.210205078125], [11.0, 4.0]]
['Cableduct', [218.42108154296875, 4.6241912841796875, 311.4522705078125, 47.725677490234375], [11.0, 3.0]]
['Machine', [482.9019775390625, 134.87002563476562, 559.17041015625, 214.5565185546875], [4.5, 5.5]]
['Machine', [248.1224365234375, 122.15620422363281, 280.66033935546875, 160.03858947753906], [1.0, 2.0]]
['Machine', [194.39083862304688, 155.39572143554688, 212.86465454101562, 184.71090698242188], [5.0, 0.7]]
['Machine', [170.3353271484375, 152.55319213867188, 192.3843994140625, 183.08856201171875], [5.0, 0.3]]
['Machine', [230.5189208984375, 134.28872680664062, 244.81869506835938, 149.97634887695312], [0.5, 1.5]]
['Screen', [614.3694458007812, 286.4588623046875, 639.8618774414062, 364.8065185546875], [11.0, 5.0]]
['Cableduct', [522.2344970703125, 77.3968505859375, 556.1043701171875, 91.01596069335938], [6.0, 5.0]]
['Cableduct', [561.6181030273438, 73.59169006347656, 599.8833618164062, 89.74607849121094], [9.0, 5.0]]
['Cableduct', [340.95574951171875, 57.19268035888672, 368.591796875, 73.13507843017578], [6.0, 3.0]]
['Cableduct', [263.8922119140625, 51.49236297607422, 297.12158203125, 68.19462585449219], [1.0, 1.0]]
['Cableduct', [433.7601623535156, 74.89161682128906, 460.2367248535156, 86.85313415527344], [6.5, 5.0]]
['Machine', [485.7448425292969, 224.06683349609375, 496.2093811035156, 235.10931396484375], [6.0, 5.0]]
