['Screen', [350.76141357421875, 279.5184326171875, 470.81256103515625, 369.464111328125], [11.0, 4.0]]
['Machine', [483.3665466308594, 135.40875244140625, 558.3890380859375, 213.964111328125], [1.5, 8.0]]
['Cableduct', [217.94264221191406, 3.648681640625, 312.539794921875, 48.929561614990234], [11.0, 3.0]]
['Screen', [614.61083984375, 286.9432373046875, 639.850830078125, 364.6236572265625], [11.0, 5.0]]
['Cableduct', [521.508544921875, 77.81263732910156, 555.61669921875, 91.16850280761719], [6.0, 5.0]]
['Cableduct', [561.6758422851562, 74.13904571533203, 599.5501098632812, 89.49117279052734], [9.0, 5.0]]
['Machine', [251.3384552001953, 173.69186401367188, 273.90277099609375, 196.42294311523438], [1.5, 2.0]]
['Cableduct', [263.0154113769531, 50.90338897705078, 297.0060729980469, 68.69427490234375], [1.0, 1.0]]
['Cableduct', [340.3050537109375, 57.138816833496094, 369.01025390625, 73.8708724975586], [6.0, 3.0]]
['Cableduct', [433.13470458984375, 74.53067016601562, 460.38580322265625, 87.05343627929688], [6.5, 5.0]]
['Machine', [144.39427185058594, 197.27789306640625, 182.0188751220703, 273.1612548828125], [6.0, 0.7]]
['Machine', [230.75906372070312, 134.43087768554688, 244.36801147460938, 149.00595092773438], [0.5, 1.5]]
['Machine', [485.5383605957031, 223.0559844970703, 496.3377990722656, 235.16969299316406], [6.0, 5.0]]
['Chair', [381.69537353515625, 212.1438751220703, 410.45611572265625, 234.9932403564453], [4.5, 3.5]]
['Machine', [231.02313232421875, 159.94467163085938, 242.71136474609375, 170.21664428710938], [0.5, 1.5]]
