['Screen', [351.618896484375, 280.78399658203125, 468.104248046875, 363.39764404296875], [11.0, 4.0]]
['Window', [174.4705810546875, 88.52365112304688, 207.48297119140625, 147.19483947753906], [0.5, 0.0]]
['Machine', [482.76739501953125, 135.6812286376953, 558.2514038085938, 214.6262664794922], [4.5, 5.5]]
['Cableduct', [218.09375, 3.3363609313964844, 311.448974609375, 46.995765686035156], [11.0, 3.0]]
['Screen', [614.3789672851562, 287.05767822265625, 639.8858032226562, 365.31243896484375], [11.0, 5.0]]
['Machine', [155.97425842285156, 193.19186401367188, 179.1328887939453, 271.8905029296875], [6.0, 0.7]]
['Cableduct', [559.9952392578125, 72.71451568603516, 600.9273681640625, 90.73223114013672], [6.0, 5.0]]
['Cableduct', [262.8775939941406, 50.33129119873047, 300.7516784667969, 68.9780502319336], [1.0, 1.0]]
['Cableduct', [519.619384765625, 76.03758239746094, 557.022705078125, 92.72016906738281], [6.0, 5.0]]
['Cableduct', [339.086669921875, 55.61834716796875, 370.72454833984375, 75.04383850097656], [6.0, 3.0]]
['Machine', [484.98486328125, 222.81356811523438, 496.579833984375, 235.97384643554688], [6.0, 5.0]]
['Cableduct', [431.221435546875, 72.53221130371094, 463.0452880859375, 89.01374816894531], [6.5, 5.0]]
