['Screen', [351.371826171875, 279.824951171875, 469.4151611328125, 364.3653564453125], [11.0, 4.0]]
['Machine', [483.28057861328125, 136.00172424316406, 557.3407592773438, 213.97621154785156], [4.5, 5.5]]
['Cableduct', [219.19371032714844, 5.465877532958984, 312.3619384765625, 47.651527404785156], [11.0, 3.0]]
['Machine', [162.15573120117188, 179.68939208984375, 199.29940795898438, 240.87261962890625], [5.5, 0.5]]
['Window', [177.55166625976562, 89.78810119628906, 205.56430053710938, 144.8531951904297], [0.5, 0.0]]
['Cableduct', [342.0403747558594, 58.19822311401367, 367.4391784667969, 72.39866638183594], [6.0, 3.0]]
['Screen', [614.7823486328125, 286.9353332519531, 639.8570556640625, 364.5439758300781], [11.0, 5.0]]
['Cableduct', [522.2117309570312, 77.86723327636719, 555.6580200195312, 91.15110778808594], [6.0, 5.0]]
['Machine', [139.66067504882812, 193.31546020507812, 175.25534057617188, 275.6012878417969], [6.0, 0.7]]
['Cableduct', [434.26165771484375, 75.67680358886719, 459.61175537109375, 86.42019653320312], [6.5, 5.0]]
['Cableduct', [561.439208984375, 74.45108795166016, 599.6640625, 89.61121368408203], [9.0, 5.0]]
['Cableduct', [264.46484375, 52.29430389404297, 295.7239990234375, 67.7204818725586], [1.0, 1.0]]
['Machine', [485.635986328125, 223.877197265625, 496.1893310546875, 235.30767822265625], [6.0, 5.0]]
