['Screen', [351.208740234375, 279.6835021972656, 470.248779296875, 368.2695617675781], [11.0, 4.0]]
['Window', [177.86817932128906, 89.56912231445312, 206.08494567871094, 147.8457794189453], [0.5, 0.0]]
['Cableduct', [219.36700439453125, 5.8339691162109375, 312.0020751953125, 47.519596099853516], [11.0, 3.0]]
['Machine', [162.40823364257812, 180.22549438476562, 198.82754516601562, 240.54196166992188], [5.5, 0.5]]
['Machine', [138.57794189453125, 190.67547607421875, 173.7550048828125, 273.27655029296875], [6.0, 0.7]]
['Cableduct', [342.21771240234375, 58.500144958496094, 367.51055908203125, 72.15410614013672], [6.0, 3.0]]
['Cableduct', [522.0504150390625, 78.04422760009766, 556.03955078125, 90.92350006103516], [6.0, 5.0]]
['Machine', [484.9030456542969, 137.46072387695312, 556.96826171875, 213.0264892578125], [4.5, 5.5]]
['Screen', [614.41455078125, 286.7171936035156, 639.8602294921875, 364.9926452636719], [11.0, 5.0]]
['Cableduct', [562.16064453125, 74.58512115478516, 599.5091552734375, 89.37999725341797], [9.0, 5.0]]
['Cableduct', [434.7387390136719, 75.67818450927734, 459.4923400878906, 86.3735580444336], [6.5, 5.0]]
['Cableduct', [265.07171630859375, 52.2091064453125, 296.01837158203125, 67.16954040527344], [1.0, 1.0]]
['Machine', [485.4877624511719, 223.30609130859375, 496.3373107910156, 235.2509765625], [6, 5]]
