['Screen', [350.38848876953125, 279.634765625, 468.8790283203125, 365.75994873046875], [11.0, 4.0]]
['Machine', [482.49322509765625, 135.66587829589844, 559.2184448242188, 214.7128448486328], [4.5, 5.5]]
['Cableduct', [219.18023681640625, 5.362174987792969, 311.75885009765625, 47.2110710144043], [11.0, 3.0]]
['Cableduct', [341.9433288574219, 57.98155212402344, 367.2851867675781, 72.34349060058594], [6.0, 3.0]]
['Screen', [614.6944580078125, 287.34808349609375, 639.858154296875, 364.44244384765625], [11.0, 5.0]]
['Cableduct', [561.1978759765625, 73.69548034667969, 599.5736083984375, 89.94108581542969], [9.0, 5.0]]
['Cableduct', [521.6534423828125, 77.67413330078125, 555.0941162109375, 91.19534301757812], [6.0, 5.0]]
['Cableduct', [434.1669006347656, 75.56678771972656, 459.7565002441406, 86.37657165527344], [6.5, 5.0]]
['Cableduct', [264.75958251953125, 51.761085510253906, 296.43353271484375, 66.9710464477539], [1.0, 1.0]]
['Machine', [485.4998474121094, 224.32546997070312, 495.5802917480469, 235.05172729492188], [6.0, 5.0]]
['Machine', [153.8981170654297, 191.32757568359375, 177.21897888183594, 272.780517578125], [6.0, 0.7]]
