['Screen', [349.437744140625, 279.03070068359375, 471.26202392578125, 370.72308349609375], [11.0, 4.0]]
['Machine', [482.2131652832031, 135.3919677734375, 557.7890625, 215.16259765625], [4.5, 5.5]]
['Cableduct', [218.3323974609375, 3.9317474365234375, 311.97198486328125, 48.26467514038086], [11.0, 3.0]]
['Cableduct', [561.4349365234375, 74.15069580078125, 599.6864013671875, 89.56884765625], [9.0, 5.0]]
['Cableduct', [340.73907470703125, 57.22651290893555, 368.57135009765625, 73.31791687011719], [6.0, 3.0]]
['Screen', [614.427978515625, 286.64227294921875, 639.88037109375, 364.57525634765625], [11.0, 5.0]]
['Cableduct', [522.3741455078125, 77.77952575683594, 555.5526123046875, 90.87309265136719], [6.0, 5.0]]
['Cableduct', [264.6755065917969, 51.260536193847656, 296.7281799316406, 67.92937469482422], [1.0, 1.0]]
['Cableduct', [433.56427001953125, 74.92530822753906, 460.11700439453125, 86.83757019042969], [6.5, 5.0]]
['Machine', [140.69284057617188, 190.55303955078125, 176.89523315429688, 273.750244140625], [6.0, 0.7]]
['Machine', [485.82000732421875, 223.84988403320312, 496.34307861328125, 235.20773315429688], [6.0, 5.0]]
['Machine', [151.0224151611328, 191.419677734375, 178.1299285888672, 273.8016662597656], [6.0, 0.7]]
