['Screen', [350.67230224609375, 279.6192626953125, 469.51580810546875, 366.116455078125], [11.0, 4.0]]
['Window', [175.15890502929688, 88.73692321777344, 206.90939331054688, 145.1866912841797], [0.5, 0.5]]
['Machine', [482.58770751953125, 135.86187744140625, 559.1896362304688, 214.71832275390625], [4.5, 5.5]]
['Cableduct', [218.14385986328125, 3.492938995361328, 311.9305419921875, 47.20709991455078], [11.0, 3.0]]
['Screen', [614.4840087890625, 287.02520751953125, 639.885498046875, 365.02532958984375], [11.0, 5.0]]
['Cableduct', [339.44439697265625, 56.05788040161133, 369.45330810546875, 74.33174133300781], [6.0, 3.0]]
['Cableduct', [521.0482177734375, 77.06909942626953, 555.7247314453125, 91.6514663696289], [6.0, 5.0]]
['Cableduct', [561.2593994140625, 73.64974975585938, 600.0135498046875, 90.23394775390625], [9.0, 5.0]]
['Machine', [155.54879760742188, 193.19320678710938, 178.35263061523438, 271.6048583984375], [6.0, 0.7]]
['Cableduct', [263.15277099609375, 50.43932342529297, 299.70867919921875, 68.80805206298828], [1.0, 1.0]]
['Cableduct', [433.13275146484375, 74.59650421142578, 460.79913330078125, 87.1246109008789], [6.5, 5.0]]
['Machine', [485.18743896484375, 223.80035400390625, 495.68426513671875, 235.32510375976562], [6.0, 5.0]]
