['Screen', [349.8555908203125, 279.5118408203125, 469.7938232421875, 366.54119873046875], [11.0, 4.0]]
['Cableduct', [219.4074249267578, 5.7444610595703125, 310.87371826171875, 47.10023498535156], [11.0, 3.0]]
['Machine', [482.237060546875, 135.47535705566406, 559.002685546875, 214.51576232910156], [4.5, 5.5]]
['Cableduct', [341.7880554199219, 57.9588508605957, 367.2053527832031, 72.33662414550781], [6.0, 3.0]]
['Screen', [614.09423828125, 287.21087646484375, 639.89306640625, 365.49420166015625], [11.0, 5.0]]
['Cableduct', [521.847900390625, 77.4285659790039, 555.782958984375, 91.08582305908203], [6.0, 5.0]]
['Cableduct', [561.5245361328125, 73.75199127197266, 599.69287109375, 89.86933135986328], [9.0, 5.0]]
['Cableduct', [434.1062316894531, 75.51271057128906, 460.0462951660156, 86.34439086914062], [6.5, 5.0]]
['Cableduct', [265.5503234863281, 52.217247009277344, 295.7732238769531, 66.71426391601562], [1.0, 1.0]]
['Machine', [485.3855895996094, 223.8560791015625, 495.5683898925781, 235.1033935546875], [6.0, 5.0]]
['Machine', [154.07183837890625, 191.64620971679688, 176.278564453125, 273.2475280761719], [6.0, 0.7]]
['Machine', [144.42987060546875, 190.68157958984375, 175.34747314453125, 274.5010986328125], [6.0, 0.7]]
