['Screen', [350.14453125, 279.42279052734375, 467.654296875, 367.21875], [11.0, 4.0]]
['Machine', [482.5892028808594, 135.53347778320312, 558.7044677734375, 214.35897827148438], [4.5, 5.5]]
['Window', [174.58380126953125, 88.828857421875, 208.7332763671875, 148.07908630371094], [0.5, 0.0]]
['Cableduct', [217.76206970214844, 3.0958023071289062, 312.445556640625, 47.39628601074219], [11.0, 3.0]]
['Screen', [614.315673828125, 287.0198669433594, 639.894287109375, 365.2898864746094], [11.0, 5.0]]
['Cableduct', [561.1607666015625, 73.65069580078125, 599.94140625, 90.05958557128906], [9.0, 5.0]]
['Cableduct', [521.1790161132812, 77.3031005859375, 555.9276733398438, 91.53619384765625], [6.0, 5.0]]
['Cableduct', [338.892333984375, 56.0631103515625, 369.9063720703125, 74.51226806640625], [6.0, 3.0]]
['Machine', [154.852294921875, 192.34963989257812, 179.4718017578125, 272.4736328125], [6.0, 0.7]]
['Cableduct', [262.9787292480469, 49.95890808105469, 301.5452575683594, 69.26692199707031], [1.0, 1.0]]
['Cableduct', [432.9097900390625, 74.53547668457031, 460.8787841796875, 87.41288757324219], [6.5, 5.0]]
['Machine', [485.0994873046875, 223.75970458984375, 495.9525146484375, 235.3271484375], [6.0, 5.0]]
