['Screen', [351.49359130859375, 279.6153564453125, 468.3905029296875, 364.3699951171875], [11.0, 4.0]]
['Window', [175.46307373046875, 88.58799743652344, 208.2042236328125, 146.36741638183594], [0.5, 0.0]]
['Machine', [483.2352294921875, 135.69650268554688, 558.0877685546875, 214.02981567382812], [4.5, 5.5]]
['Cableduct', [217.1615447998047, 3.056598663330078, 312.46136474609375, 47.76731491088867], [11.0, 3.0]]
['Cableduct', [521.4349365234375, 77.33695983886719, 556.104736328125, 91.62162780761719], [6.0, 5.0]]
['Screen', [614.24169921875, 287.2826232910156, 639.886474609375, 365.2924499511719], [11.0, 5.0]]
['Cableduct', [561.0479125976562, 73.53240966796875, 600.2510375976562, 90.10382080078125], [9.0, 5.0]]
['Machine', [155.10116577148438, 191.73471069335938, 179.36141967773438, 272.7425231933594], [6.0, 0.7]]
['Cableduct', [338.43438720703125, 55.981536865234375, 370.38934326171875, 74.68789672851562], [6.0, 3.0]]
['Cableduct', [262.7444763183594, 50.063377380371094, 301.8452453613281, 69.3516845703125], [1.0, 1.0]]
['Cableduct', [432.88604736328125, 74.62479400634766, 460.82476806640625, 87.45455169677734], [6.5, 5.0]]
['Machine', [485.2847595214844, 224.0126190185547, 496.0035705566406, 235.15965270996094], [6.0, 5.0]]
