['Screen', [353.27667236328125, 280.7350158691406, 468.55718994140625, 361.1317443847656], [11.0, 4.0]]
['Window', [173.7786865234375, 88.06898498535156, 208.456298828125, 150.11546325683594], [0.5, 0.0]]
['Screen', [164.01821899414062, 134.00738525390625, 185.41793823242188, 164.4052734375], [5.0, 0.7]]
['Machine', [248.2334442138672, 120.84911346435547, 277.97137451171875, 155.96142578125], [1.5, 0.5]]
['Machine', [282.14752197265625, 135.34727478027344, 297.00836181640625, 159.66563415527344], [1.0, 2.0]]
['Machine', [483.52825927734375, 138.0689697265625, 556.5335083007812, 214.716552734375], [4.5, 5.5]]
['Cableduct', [219.36790466308594, 4.868709564208984, 311.313720703125, 47.41313552856445], [11.0, 3.0]]
['Machine', [326.08929443359375, 186.3675537109375, 347.14630126953125, 226.58657836914062], [1.0, 2.5]]
['Screen', [614.511474609375, 287.313232421875, 639.870361328125, 364.8043212890625], [11.0, 5.0]]
['Cableduct', [561.3271484375, 73.61444091796875, 599.537353515625, 89.82403564453125], [9.0, 5.0]]
['Cableduct', [521.7769775390625, 76.96833801269531, 556.3648681640625, 91.36247253417969], [6.0, 5.0]]
['Cableduct', [340.95257568359375, 56.865821838378906, 368.53497314453125, 72.91239166259766], [1.0, 3.0]]
['Cableduct', [264.48712158203125, 51.100852966308594, 296.31304931640625, 67.63825988769531], [1.0, 1.0]]
['Cableduct', [433.38995361328125, 74.47103881835938, 460.71527099609375, 86.78329467773438], [6.5, 5.0]]
['Machine', [193.87510681152344, 139.1776580810547, 234.5803680419922, 176.4634552001953], [3.7, 0.7]]
['Machine', [485.0858154296875, 226.44357299804688, 494.0767822265625, 235.38351440429688], [6.0, 5.0]]
['Machine', [224.46316528320312, 129.23240661621094, 241.92098999023438, 154.25502014160156], [1.0, 0.5]]
