['Screen', [350.7900390625, 279.60968017578125, 466.877685546875, 368.76519775390625], [11.0, 4.0]]
['Window', [175.5395050048828, 88.57757568359375, 208.38572692871094, 146.41188049316406], [0.5, 0.0]]
['Machine', [483.2264404296875, 135.3658447265625, 558.9310302734375, 214.4591064453125], [4.5, 5.5]]
['Cableduct', [217.34164428710938, 3.315296173095703, 311.8923034667969, 47.418212890625], [11.0, 3.0]]
['Screen', [614.1859741210938, 287.0133361816406, 639.8943481445312, 365.1011047363281], [11.0, 5.0]]
['Cableduct', [560.8252563476562, 73.413330078125, 600.1956176757812, 90.53225708007812], [9.0, 5.0]]
['Machine', [155.01773071289062, 192.86871337890625, 178.70590209960938, 273.13922119140625], [6.0, 0.7]]
['Cableduct', [520.8945922851562, 76.80137634277344, 556.1848754882812, 92.14900207519531], [6.0, 5.0]]
['Cableduct', [338.631103515625, 55.910316467285156, 370.5860595703125, 74.78937530517578], [6.0, 3.0]]
['Cableduct', [262.93402099609375, 50.495361328125, 301.72357177734375, 69.07669830322266], [1.0, 1.0]]
['Machine', [485.2044677734375, 223.46566772460938, 496.0057373046875, 235.42715454101562], [6.0, 5.0]]
['Cableduct', [431.41107177734375, 73.03564453125, 461.7071533203125, 88.151123046875], [6.5, 5.0]]
