['Machine', [281.81390380859375, 134.5418701171875, 297.43731689453125, 159.6807861328125], [1.0, 2.0]]
['Window', [173.04188537597656, 87.79646301269531, 209.12562561035156, 150.08949279785156], [0.5, 0.0]]
['Screen', [350.92974853515625, 280.5399475097656, 468.90435791015625, 360.6777648925781], [11.0, 4.0]]
['Machine', [483.4913330078125, 137.40411376953125, 556.8741455078125, 214.97442626953125], [4.5, 5.5]]
['Screen', [163.70614624023438, 133.68040466308594, 184.75009155273438, 164.57591247558594], [5.0, 0.7]]
['Machine', [247.6800994873047, 120.16864013671875, 278.34100341796875, 156.692138671875], [0.7, 1.5]]
['Cableduct', [218.8000030517578, 4.287467956542969, 311.55145263671875, 47.724021911621094], [11.0, 3.0]]
['Screen', [614.318115234375, 287.270263671875, 639.859375, 364.77392578125], [11.0, 5.0]]
['Machine', [325.40594482421875, 186.21786499023438, 347.50347900390625, 226.51919555664062], [1.0, 2.0]]
['Cableduct', [561.01025390625, 73.09976196289062, 600.07373046875, 90.13137817382812], [9.0, 5.0]]
['Cableduct', [520.9805908203125, 76.60054779052734, 557.0980224609375, 91.85767364501953], [6.0, 5.0]]
['Cableduct', [263.3827819824219, 49.81431579589844, 298.1686096191406, 68.66969299316406], [1.0, 1.0]]
['Cableduct', [339.48687744140625, 56.02766418457031, 369.84149169921875, 74.14765930175781], [1.0, 3.0]]
['Cableduct', [431.57275390625, 73.42330932617188, 462.0911865234375, 87.9071044921875], [6.5, 5.0]]
['Machine', [485.26275634765625, 226.06439208984375, 494.34649658203125, 235.40713500976562], [6.0, 5.0]]
['Machine', [193.54563903808594, 138.968505859375, 235.6084747314453, 176.595458984375], [2.5, 0.4]]
['Machine', [224.67857360839844, 129.0389404296875, 241.3146209716797, 155.04119873046875], [0.7, 1.0]]
