['Screen', [352.6218566894531, 280.538818359375, 467.7266540527344, 365.25787353515625], [11.0, 4.0]]
['Window', [174.30172729492188, 88.76725769042969, 207.91580200195312, 147.34788513183594], [0.5, 0.0]]
['Machine', [482.73602294921875, 135.4876708984375, 558.0462036132812, 214.357421875], [4.5, 5.5]]
['Cableduct', [218.0591278076172, 3.0629043579101562, 312.54119873046875, 47.42945098876953], [11.0, 3.0]]
['Screen', [614.1107788085938, 287.1708984375, 639.8993530273438, 365.2279052734375], [11.0, 5.0]]
['Machine', [155.63880920410156, 192.6104736328125, 179.57875061035156, 272.55438232421875], [6.0, 0.7]]
['Cableduct', [560.0548095703125, 72.62274169921875, 601.0882568359375, 90.93643188476562], [9.0, 5.0]]
['Cableduct', [519.4168090820312, 75.78102111816406, 557.2379760742188, 92.98674011230469], [6.0, 5.0]]
['Cableduct', [338.5942077636719, 55.561256408691406, 371.6004333496094, 75.2903060913086], [6.0, 3.0]]
['Cableduct', [262.80987548828125, 50.078948974609375, 301.29083251953125, 69.04708099365234], [1.0, 1.0]]
['Machine', [484.5484313964844, 222.82305908203125, 496.6219177246094, 236.38864135742188], [6.0, 5.0]]
['Cableduct', [431.3851318359375, 72.30412292480469, 463.3817138671875, 88.95846557617188], [6.5, 5.0]]
