['Screen', [352.248779296875, 279.91082763671875, 468.393798828125, 364.65191650390625], [11.0, 4.0]]
['Machine', [196.2111053466797, 138.89959716796875, 227.1840057373047, 166.96356201171875], [2.5, 0.4]]
['Machine', [483.0540771484375, 135.93841552734375, 558.3009033203125, 214.77655029296875], [4.5, 5.5]]
['Machine', [525.2281494140625, 222.81944274902344, 554.7293701171875, 248.45802307128906], [7.0, 5.5]]
['Screen', [614.6799926757812, 286.52581787109375, 639.8536987304688, 364.9166259765625], [11.0, 5.0]]
['Cableduct', [218.30203247070312, 5.407657623291016, 312.0135803222656, 47.62843704223633], [11.0, 3.0]]
['Cableduct', [561.3236083984375, 73.48187255859375, 599.9007568359375, 89.84710693359375], [9.0, 5.0]]
['Cableduct', [521.3839111328125, 77.18684387207031, 556.0950927734375, 91.35401916503906], [6.0, 5.0]]
['Cableduct', [340.72705078125, 56.85395431518555, 368.99310302734375, 73.71153259277344], [6.0, 3.0]]
['Cableduct', [263.57342529296875, 51.358642578125, 297.56903076171875, 68.46614074707031], [1.0, 1.0]]
['Machine', [485.8460388183594, 224.06375122070312, 496.2803649902344, 235.05166625976562], [6.0, 5.0]]
['Cableduct', [432.8056945800781, 74.04452514648438, 461.2679138183594, 87.47274780273438], [6.5, 5.5]]
['Machine', [176.5603485107422, 154.2281494140625, 192.1645965576172, 167.4027099609375], [5.0, 0.3]]
