['Screen', [350.3775329589844, 279.18402099609375, 470.8504943847656, 370.49322509765625], [11.0, 4.0]]
['Machine', [194.50070190429688, 155.78472900390625, 211.00213623046875, 183.2698974609375], [5.0, 0.7]]
['Cableduct', [218.6470947265625, 5.3299102783203125, 312.21954345703125, 47.706703186035156], [11.0, 3.0]]
['Machine', [482.70074462890625, 135.12384033203125, 559.3413696289062, 214.71533203125], [4.5, 5.5]]
['Screen', [614.80810546875, 286.5653381347656, 639.846923828125, 363.9157409667969], [11.0, 5.0]]
['Cableduct', [521.9283447265625, 77.52442169189453, 555.8992919921875, 90.91585540771484], [6, 5]]
['Cableduct', [561.5623779296875, 73.59646606445312, 599.4664306640625, 89.60174560546875], [9, 5]]
['Machine', [170.23182678222656, 152.94235229492188, 192.2736358642578, 183.08383178710938], [5.0, 0.3]]
['Cableduct', [341.386962890625, 57.38429260253906, 368.3564453125, 72.95083618164062], [6.0, 3.0]]
['Machine', [248.2471923828125, 123.77491760253906, 280.01690673828125, 159.5620574951172], [0.7, 1.5]]
['Cableduct', [434.00531005859375, 75.10049438476562, 460.16552734375, 86.78305053710938], [6.5, 5.0]]
['Cableduct', [263.9170837402344, 51.61268615722656, 296.9381408691406, 68.30589294433594], [1.0, 1.0]]
['Machine', [485.85345458984375, 223.95220947265625, 496.48846435546875, 235.096435546875], [6.0, 5.0]]
