['Window', [176.3375701904297, 89.36163330078125, 206.8072967529297, 146.7772216796875], [0.5, 0.0]]
['Screen', [350.0838623046875, 279.4431457519531, 469.5484619140625, 366.9433288574219], [11.0, 4.0]]
['Machine', [483.0448303222656, 135.29766845703125, 558.5367431640625, 214.08078002929688], [4.5, 5.5]]
['Cableduct', [218.42822265625, 5.206947326660156, 312.28643798828125, 47.71756362915039], [11.0, 3.0]]
['Machine', [247.3909912109375, 124.07205200195312, 277.8387451171875, 159.66183471679688], [0.7, 1.5]]
['Screen', [614.648681640625, 286.5960998535156, 639.865234375, 364.6302185058594], [11.0, 5.0]]
['Cableduct', [561.550048828125, 74.2098388671875, 599.7247314453125, 89.56889343261719], [9.0, 5.0]]
['Cableduct', [341.4737854003906, 57.866615295410156, 367.7862243652344, 72.62964630126953], [6.0, 3.0]]
['Cableduct', [522.0294189453125, 77.79200744628906, 556.0198974609375, 90.80158996582031], [6.0, 5.0]]
['Cableduct', [434.22662353515625, 75.41917419433594, 459.75177001953125, 86.52674865722656], [6.5, 5.0]]
['Cableduct', [263.0911865234375, 51.499908447265625, 295.9168701171875, 67.74058532714844], [1.0, 1.0]]
['Machine', [485.49365234375, 224.23023986816406, 496.306884765625, 235.32933044433594], [6.0, 5.0]]
['Machine', [155.20643615722656, 196.17593383789062, 177.81971740722656, 272.5346374511719], [6.0, 0.7]]
