['Machine', [194.82229614257812, 155.55044555664062, 213.63912963867188, 184.21902465820312], [5.0, 0.7]]
['Screen', [350.17840576171875, 279.24420166015625, 470.32513427734375, 370.10028076171875], [11.0, 4.0]]
['Machine', [481.658447265625, 135.6881103515625, 558.693603515625, 215.53240966796875], [4.5, 5.5]]
['Cableduct', [218.45889282226562, 4.718059539794922, 311.9412536621094, 47.59434509277344], [11.0, 3.0]]
['Machine', [174.6739501953125, 153.9913787841797, 192.25827026367188, 182.7967987060547], [5.0, 0.7]]
['Cableduct', [341.69830322265625, 57.52339172363281, 367.51263427734375, 72.66030883789062], [6.0, 3.0]]
['Cableduct', [561.7948608398438, 74.16303253173828, 599.2744750976562, 89.4435806274414], [9.0, 5.0]]
['Cableduct', [434.399169921875, 75.78303527832031, 459.50518798828125, 86.49673461914062], [6.5, 5.0]]
['Screen', [614.6908569335938, 287.000244140625, 639.8827514648438, 364.84423828125], [11.0, 5.0]]
['Cableduct', [522.54931640625, 77.86194610595703, 555.115478515625, 90.79607391357422], [6.0, 5.0]]
['Cableduct', [263.76239013671875, 51.561317443847656, 296.27294921875, 67.84111785888672], [1.0, 1.0]]
['Machine', [248.43069458007812, 123.44709777832031, 280.4319152832031, 160.6234588623047], [0.7, 1.5]]
['Machine', [486.079833984375, 224.5398712158203, 496.159912109375, 234.96958923339844], [6.0, 5.0]]
