['Screen', [349.98199462890625, 279.11932373046875, 470.50323486328125, 370.11456298828125], [11.0, 4.0]]
['Machine', [483.14794921875, 135.40310668945312, 560.1075439453125, 214.4912109375], [4.5, 5.5]]
['Cableduct', [219.07337951660156, 4.762580871582031, 312.482177734375, 47.94148635864258], [11.0, 3.0]]
['Machine', [194.3378143310547, 155.4713134765625, 213.1304473876953, 184.52105712890625], [5.0, 0.7]]
['Machine', [248.36224365234375, 122.77803802490234, 280.69720458984375, 159.86764526367188], [0.7, 1.5]]
['Machine', [230.64883422851562, 134.26727294921875, 244.62625122070312, 149.5997314453125], [0.7, 1.0]]
['Machine', [170.32801818847656, 152.5337677001953, 192.3778533935547, 183.0771942138672], [5.0, 0.3]]
['Screen', [614.4649658203125, 286.52166748046875, 639.8760986328125, 364.62677001953125], [11.0, 5.0]]
['Cableduct', [561.3028564453125, 73.80299377441406, 599.6007080078125, 89.689208984375], [9.0, 5.0]]
['Cableduct', [522.1456909179688, 77.64289093017578, 555.5813598632812, 90.82144927978516], [6.0, 5.0]]
['Cableduct', [341.10980224609375, 57.218528747558594, 368.51251220703125, 73.08863067626953], [6.0, 3.0]]
['Cableduct', [433.70611572265625, 74.98930358886719, 460.1319580078125, 86.76411437988281], [6.5, 5.0]]
['Cableduct', [263.9573669433594, 51.455963134765625, 297.1775817871094, 68.11602783203125], [1.0, 1.0]]
['Machine', [485.8421630859375, 223.69769287109375, 496.46484375, 235.03976440429688], [6.0, 5.0]]
