['Screen', [350.9287414550781, 279.57147216796875, 468.7515563964844, 366.0821533203125], [11.0, 4.0]]
['Cableduct', [219.2091522216797, 4.753986358642578, 311.78057861328125, 47.37687301635742], [11.0, 3.0]]
['Machine', [485.3917236328125, 135.59878540039062, 558.7183837890625, 214.48519897460938], [4.5, 5.5]]
['Cableduct', [341.49200439453125, 57.7816162109375, 367.72576904296875, 72.575927734375], [6.0, 3.0]]
['Screen', [614.0317993164062, 286.7113342285156, 639.9004516601562, 365.1760559082031], [11.0, 5.0]]
['Cableduct', [521.8273315429688, 77.56510925292969, 556.0307006835938, 91.14115905761719], [6.0, 5.0]]
['Cableduct', [434.35089111328125, 75.41822814941406, 459.71673583984375, 86.29048156738281], [6.5, 5.0]]
['Cableduct', [561.70556640625, 73.67691040039062, 599.4290771484375, 89.67416381835938], [9.0, 5.0]]
['Cableduct', [266.36712646484375, 52.025299072265625, 295.770263671875, 66.71322631835938], [1.0, 1.0]]
['Machine', [153.5267333984375, 191.96713256835938, 177.39202880859375, 273.5882263183594], [6.0, 0.7]]
['Window', [176.53585815429688, 90.31721496582031, 205.96701049804688, 142.55755615234375], [0.5, 0.0]]
['Machine', [485.37860107421875, 223.39120483398438, 495.86834716796875, 235.18679809570312], [6.5, 5.0]]
