['Screen', [350.14129638671875, 279.3084716796875, 471.24310302734375, 370.0177001953125], [11.0, 4.0]]
['Machine', [481.68609619140625, 135.92861938476562, 559.3290405273438, 216.54153442382812], [4.5, 5.5]]
['Cableduct', [218.8402862548828, 4.829936981201172, 312.52996826171875, 48.045310974121094], [11.0, 3.0]]
['Machine', [248.52438354492188, 123.34709930419922, 279.0406188964844, 159.09246826171875], [0.7, 1.5]]
['Machine', [170.09857177734375, 153.7490234375, 192.226806640625, 182.4930419921875], [5.0, 0.7]]
['Screen', [614.6576538085938, 286.9984436035156, 639.8490600585938, 364.2578430175781], [11.0, 5.0]]
['Cableduct', [562.0836181640625, 74.58756256103516, 599.4962158203125, 89.39055633544922], [9.0, 5.0]]
['Cableduct', [341.2995910644531, 57.225494384765625, 367.9570007324219, 72.95927429199219], [6.0, 3.0]]
['Machine', [193.95538330078125, 155.68124389648438, 213.59320068359375, 185.77877807617188], [5.0, 0.7]]
['Machine', [230.58895874023438, 134.15284729003906, 244.63644409179688, 149.89842224121094], [0.7, 1.0]]
['Cableduct', [522.4989013671875, 78.2105712890625, 555.2542724609375, 90.654052734375], [6.0, 5.0]]
['Cableduct', [434.17401123046875, 75.62689208984375, 459.4437255859375, 86.35745239257812], [6.5, 5.0]]
['Cableduct', [264.1198425292969, 51.644081115722656, 296.6783752441406, 68.2431640625], [1.0, 1.0]]
['Machine', [486.01361083984375, 224.76461791992188, 496.04547119140625, 235.01788330078125], [6.0, 5.0]]
