['Screen', [349.9169921875, 279.57513427734375, 469.2674560546875, 365.29144287109375], [11.0, 4.0]]
['Machine', [482.92291259765625, 135.75515747070312, 558.6856079101562, 214.53475952148438], [4.5, 5.5]]
['Cableduct', [219.1724853515625, 5.3138427734375, 311.91339111328125, 47.45351791381836], [11.0, 3.0]]
['Cableduct', [341.8713684082031, 57.6838264465332, 367.2481384277344, 72.52671813964844], [6.0, 3.0]]
['Screen', [614.2512817382812, 287.0751647949219, 639.8856811523438, 365.3567199707031], [11.0, 5.0]]
['Cableduct', [561.621337890625, 73.55005645751953, 599.54296875, 89.81949615478516], [9.0, 5.0]]
['Cableduct', [521.66943359375, 77.36552429199219, 555.88037109375, 91.21650695800781], [6.0, 5.0]]
['Cableduct', [434.0924072265625, 75.26692962646484, 460.106689453125, 86.59595489501953], [6.5, 5.0]]
['Cableduct', [266.6903076171875, 52.15550231933594, 295.412353515625, 66.50831604003906], [1.0, 1.0]]
['Machine', [485.51519775390625, 223.555419921875, 495.90045166015625, 235.1512451171875], [6.0, 5.0]]
['Machine', [153.80252075195312, 191.159912109375, 176.90127563476562, 273.83148193359375], [6.0, 0.7]]
['Machine', [145.1572265625, 190.6663818359375, 176.02142333984375, 274.763427734375], [6.0, 0.7]]
