['Screen', [349.30780029296875, 278.986083984375, 469.97174072265625, 370.2713623046875], [11.0, 4.0]]
['Machine', [483.4664306640625, 135.69134521484375, 557.439208984375, 213.59710693359375], [4.5, 5.5]]
['Cableduct', [218.51116943359375, 3.8634872436523438, 312.77142333984375, 48.667388916015625], [11.0, 3.0]]
['Cableduct', [341.22210693359375, 57.6453857421875, 368.21868896484375, 72.98756408691406], [6.0, 3.0]]
['Screen', [614.1278076171875, 286.4645690917969, 639.8865966796875, 365.0452575683594], [11.0, 5.0]]
['Cableduct', [561.67236328125, 74.28741455078125, 599.356689453125, 89.06973266601562], [9.0, 5.0]]
['Cableduct', [522.1171264648438, 77.9908447265625, 555.1853637695312, 90.910400390625], [6.0, 5.0]]
['Cableduct', [263.481689453125, 51.09081268310547, 296.5255126953125, 68.19599151611328], [1.0, 1.0]]
['Machine', [162.63551330566406, 182.6427764892578, 198.69651794433594, 238.47325134277344], [5.5, 0.5]]
['Cableduct', [433.932861328125, 75.08560180664062, 459.5550537109375, 86.5689697265625], [6.5, 5.0]]
['Machine', [140.21372985839844, 190.13922119140625, 176.37220764160156, 274.47735595703125], [6, 0.7]]
['Machine', [485.8329162597656, 223.557861328125, 496.5076599121094, 235.04949951171875], [6.0, 5.0]]
