['Screen', [350.63671875, 279.73077392578125, 469.54010009765625, 365.62957763671875], [11.0, 4.0]]
['Machine', [482.6104736328125, 136.44113159179688, 558.7813720703125, 216.81015014648438], [4.5, 5.5]]
['Window', [178.1375732421875, 89.42924499511719, 206.1600341796875, 147.53379821777344], [0.5, 0.0]]
['Cableduct', [219.051513671875, 4.969089508056641, 312.4088134765625, 47.83124542236328], [11.0, 3.0]]
['Screen', [614.5159301757812, 288.06683349609375, 639.8460083007812, 365.05657958984375], [11.0, 5.0]]
['Cableduct', [341.78216552734375, 57.88409423828125, 367.2100830078125, 72.66761779785156], [6.0, 3.0]]
['Cableduct', [562.22412109375, 74.57102966308594, 599.346435546875, 89.013671875], [9.0, 5.0]]
['Cableduct', [434.5425720214844, 75.97164916992188, 459.0679016113281, 85.97305297851562], [6.5, 5.0]]
['Machine', [139.81784057617188, 191.62701416015625, 174.30783081054688, 273.5884704589844], [6.0, 0.7]]
['Cableduct', [522.9057006835938, 78.22517395019531, 555.2949829101562, 90.75889587402344], [6.0, 5.0]]
['Cableduct', [264.2834777832031, 52.05552673339844, 295.7621154785156, 67.43158721923828], [1.0, 1.0]]
['Machine', [485.86370849609375, 224.27105712890625, 496.01959228515625, 235.04254150390625], [6.0, 5.0]]
