['Screen', [350.11083984375, 279.28656005859375, 470.05316162109375, 370.33966064453125], [11.0, 4.0]]
['Machine', [482.478271484375, 135.27166748046875, 558.8463134765625, 214.635986328125], [4.5, 5.5]]
['Cableduct', [218.8754425048828, 4.929229736328125, 312.19512939453125, 48.13474655151367], [11.0, 3.0]]
['Machine', [169.95498657226562, 153.33860778808594, 192.19985961914062, 182.5315704345703], [5.0, 0.3]]
['Machine', [248.3603515625, 123.21463012695312, 279.0933837890625, 158.99417114257812], [0.5, 1.5]]
['Machine', [526.1004028320312, 223.1514434814453, 554.4703979492188, 248.41651916503906], [7.5, 5.5]]
['Cableduct', [562.0411987304688, 74.49574279785156, 599.6312866210938, 89.52168273925781], [9.0, 5.0]]
['Cableduct', [341.00689697265625, 57.15476608276367, 368.42376708984375, 73.10499572753906], [6.0, 3.0]]
['Cableduct', [522.0357666015625, 77.88174438476562, 555.79736328125, 90.7410888671875], [6.0, 5.0]]
['Machine', [230.35523986816406, 134.04067993164062, 244.84703063964844, 150.44039916992188], [0.5, 1.0]]
['Machine', [193.69371032714844, 155.33807373046875, 214.23451232910156, 187.36517333984375], [5.0, 0.7]]
['Cableduct', [434.229248046875, 75.38917541503906, 459.7720947265625, 86.53672790527344], [6.5, 5.0]]
['Cableduct', [264.0247802734375, 51.48316192626953, 297.213623046875, 68.32526397705078], [1.0, 1.0]]
['Screen', [613.1541137695312, 286.0128173828125, 639.7282104492188, 363.4063720703125], [11.0, 5.0]]
['Machine', [485.809814453125, 224.55984497070312, 496.197021484375, 234.98464965820312], [6.0, 5.0]]
