['Screen', [350.325439453125, 279.5716552734375, 468.91119384765625, 365.75421142578125], [11.0, 4.0]]
['Window', [176.64175415039062, 88.93620300292969, 205.91497802734375, 144.17822265625], [0.5, 0.0]]
['Machine', [482.0496520996094, 136.04611206054688, 558.8031005859375, 214.51760864257812], [4.5, 5.5]]
['Cableduct', [218.54530334472656, 3.907154083251953, 311.5894775390625, 47.600555419921875], [11.0, 3.0]]
['Screen', [614.26611328125, 288.0462341308594, 639.875732421875, 365.2486877441406], [11.0, 5.0]]
['Cableduct', [341.4837646484375, 57.278099060058594, 367.5902099609375, 72.82991790771484], [6.0, 3.0]]
['Cableduct', [561.999755859375, 74.31892395019531, 599.1923828125, 89.617431640625], [9.0, 5.0]]
['Cableduct', [521.8652954101562, 77.82209777832031, 554.9375610351562, 91.13272094726562], [6.0, 5.0]]
['Cableduct', [265.14935302734375, 51.394500732421875, 296.03289794921875, 67.28294372558594], [1.0, 1.0]]
['Cableduct', [434.2859191894531, 75.62339782714844, 459.2986755371094, 86.28733825683594], [6.5, 5.0]]
['Machine', [154.9371337890625, 192.14947509765625, 177.41094970703125, 273.58306884765625], [6.0, 0.7]]
['Machine', [485.49383544921875, 224.46128845214844, 495.65032958984375, 235.0903778076172], [6.0, 5.0]]
