['Screen', [351.478515625, 279.8363037109375, 470.0323486328125, 368.08642578125], [11.0, 4.0]]
['Machine', [482.52471923828125, 135.19346618652344, 558.5396118164062, 215.1093292236328], [4.5, 5.5]]
['Window', [177.7496337890625, 89.37017822265625, 206.25225830078125, 145.38449096679688], [0.5, 0.0]]
['Cableduct', [218.87673950195312, 5.556892395019531, 312.1051330566406, 47.53630447387695], [11.0, 3.0]]
['Cableduct', [342.02947998046875, 57.99995422363281, 367.382080078125, 72.51216125488281], [6.0, 3.0]]
['Screen', [614.6495361328125, 286.79180908203125, 639.8585205078125, 364.96942138671875], [11.0, 5.0]]
['Cableduct', [561.6527709960938, 74.43345642089844, 599.6522827148438, 89.40690612792969], [9.0, 5.0]]
['Cableduct', [522.1668701171875, 77.9637222290039, 555.5050048828125, 90.73595428466797], [6.0, 5.0]]
['Cableduct', [434.43231201171875, 75.45527648925781, 459.52655029296875, 86.36482238769531], [6.5, 5.0]]
['Machine', [138.64694213867188, 190.6842041015625, 174.60635375976562, 273.14019775390625], [6.0, 0.7]]
['Cableduct', [264.29962158203125, 51.970436096191406, 296.10662841796875, 67.28307342529297], [1.0, 1.0]]
['Machine', [485.548583984375, 223.8868408203125, 496.389404296875, 235.41580200195312], [6.0, 5.0]]
['Machine', [247.56369018554688, 125.13591003417969, 278.0876159667969, 159.43418884277344], [0.5, 1.5]]
