['Screen', [354.6814270019531, 281.568603515625, 468.9258117675781, 364.9561767578125], [11.0, 4.0]]
['Window', [174.05209350585938, 88.57803344726562, 208.23159790039062, 150.3694610595703], [0.5, 0.0]]
['Screen', [164.19654846191406, 134.45663452148438, 186.0638885498047, 163.82742309570312], [5.0, 0.2]]
['Machine', [248.27963256835938, 121.38514709472656, 277.8561096191406, 156.01356506347656], [0.5, 1.5]]
['Machine', [483.49664306640625, 138.7735595703125, 556.7942504882812, 215.0655517578125], [4.5, 5.5]]
['Cableduct', [219.4803924560547, 5.176387786865234, 310.99053955078125, 46.9612922668457], [11.0, 3.0]]
['Machine', [282.259521484375, 135.8181610107422, 296.80096435546875, 160.8822479248047], [1.0, 2.0]]
['Screen', [614.360595703125, 287.0201416015625, 639.8720703125, 365.11810302734375], [11.0, 5.0]]
['Machine', [325.8623046875, 186.4355010986328, 347.2413330078125, 227.2364044189453], [1.0, 2.5]]
['Cableduct', [341.7457275390625, 57.550621032714844, 367.640869140625, 72.29505157470703], [6.0, 3.0]]
['Cableduct', [521.7175903320312, 77.17706298828125, 556.3883666992188, 91.34564208984375], [6.0, 5.0]]
['Cableduct', [561.6766357421875, 73.93896484375, 599.264404296875, 89.74087524414062], [9.0, 5.0]]
['Cableduct', [433.8632507324219, 74.96937561035156, 460.1918640136719, 86.37272644042969], [6.5, 5.0]]
['Cableduct', [266.15460205078125, 51.81669616699219, 295.46246337890625, 66.62860107421875], [1.0, 1.0]]
['Machine', [193.47222900390625, 139.1670684814453, 234.80010986328125, 175.39466857910156], [3.7, 0.3]]
['Machine', [224.48228454589844, 129.08493041992188, 241.5535430908203, 154.53872680664062], [0.5, 1.0]]
['Machine', [485.31195068359375, 226.68557739257812, 494.481689453125, 236.09854125976562], [6, 5]]
