['Screen', [349.85833740234375, 279.112548828125, 470.972900390625, 370.1873779296875], [11.0, 4.0]]
['Machine', [482.6914978027344, 136.07211303710938, 558.6456298828125, 215.71548461914062], [4.5, 5.5]]
['Cableduct', [217.95082092285156, 3.9517784118652344, 311.6917724609375, 48.799034118652344], [11.0, 3.0]]
['Cableduct', [341.22216796875, 57.20858383178711, 368.33837890625, 73.02114868164062], [6.0, 3.0]]
['Cableduct', [561.9612426757812, 74.38819122314453, 599.4706420898438, 89.2724380493164], [9.0, 5.0]]
['Cableduct', [522.8634033203125, 78.1435317993164, 555.2669677734375, 90.65937042236328], [6.0, 5.0]]
['Screen', [614.7109985351562, 287.1113586425781, 639.8569946289062, 364.4549255371094], [11.0, 5.0]]
['Cableduct', [264.3936767578125, 51.05352020263672, 296.61572265625, 68.26625061035156], [1.0, 1.0]]
['Cableduct', [433.9620361328125, 75.36837768554688, 459.4820556640625, 86.44688415527344], [6.5, 5.0]]
['Machine', [485.857666015625, 224.42984008789062, 495.8387451171875, 234.91915893554688], [6.0, 5.0]]
