['Screen', [349.15264892578125, 278.9342956542969, 470.95721435546875, 370.4911193847656], [11.0, 4.0]]
['Machine', [484.6021728515625, 135.71707153320312, 558.265380859375, 213.42919921875], [4.5, 5.5]]
['Cableduct', [218.43289184570312, 3.9153366088867188, 312.7317810058594, 48.73549270629883], [11.0, 3.0]]
['Machine', [162.260498046875, 180.00244140625, 199.360595703125, 238.96014404296875], [5.5, 0.5]]
['Cableduct', [522.0833740234375, 77.8360595703125, 555.9263916015625, 90.85330200195312], [6.0, 5.0]]
['Cableduct', [561.5228881835938, 73.78813171386719, 599.3495483398438, 89.25962829589844], [9.0, 5.0]]
['Screen', [614.1405029296875, 286.6343994140625, 639.895263671875, 364.71356201171875], [11.0, 5.0]]
['Cableduct', [341.37939453125, 57.72935104370117, 368.0423583984375, 72.83909606933594], [6.0, 3.0]]
['Cableduct', [263.79876708984375, 51.24089050292969, 296.67572021484375, 67.96434783935547], [1.0, 1.0]]
['Machine', [140.90936279296875, 189.71945190429688, 174.9656982421875, 273.7829895019531], [6.0, 0.7]]
['Cableduct', [433.9246520996094, 74.97541809082031, 460.0027160644531, 86.61726379394531], [6.5, 5.0]]
['Machine', [252.1692657470703, 173.48272705078125, 272.49896240234375, 195.26968383789062], [1.5, 2.0]]
['Machine', [485.6063232421875, 223.40533447265625, 496.3160400390625, 235.10543823242188], [6.0, 5.0]]
['Machine', [231.39979553222656, 134.73580932617188, 245.3356170654297, 146.68020629882812], [0.5, 1.5]]
