tree
version=v4
num_class=1
num_tree_per_iteration=1
label_index=0
max_feature_idx=58
objective=regression
feature_names=object_id label display_x display_y anchor_x anchor_y hour minute day_of_week source_temp people_count_total people_count_within_1m people_count_within_2m people_count_within_3m nearest_person_distance mean_person_distance nearest_person_dx nearest_person_dy temp_lag_1 temp_lag_2 temp_lag_3 temp_lag_4 temp_lag_5 temp_lag_6 temp_lag_7 temp_lag_8 temp_lag_9 temp_lag_10 temp_lag_11 temp_lag_12 temp_lag_13 temp_lag_14 temp_lag_15 temp_lag_16 temp_lag_17 temp_lag_18 temp_lag_19 temp_lag_20 temp_lag_21 temp_lag_22 temp_lag_23 temp_lag_24 temp_lag_25 temp_lag_26 temp_lag_27 temp_lag_28 temp_lag_29 temp_lag_30 temp_roll_mean_5 temp_roll_mean_10 temp_roll_mean_20 temp_roll_mean_30 temp_roll_std_5 temp_roll_std_10 temp_roll_std_20 temp_roll_std_30 temp_delta_1 seconds_since_previous target_minutes_ahead
feature_infos=-1:3:1:9:0:11:5:6:12:7:2:4:10 -1:1:0:2:3 [0.65677700000000006:10.635484999999999] [0.181031:3.755376] [0.65677700000000006:10.635484999999999] [0.181031:3.755376] [8:22] [0:59] [1:4] [20.767314910888672:34.357685089111328] [0:8] [0:3] [0:6] [0:8] [-1:12.555159157760208] [-1:12.555159157760208] [-12.092689999999999:7.2496249999999991] [-3.7595900000000002:2.7911589999999999] [20.767314910888672:34.357685089111328] [20.767314910888672:34.357685089111328] [20.767314910888672:34.357685089111328] [20.767314910888672:34.357685089111328] [20.767314910888672:34.357685089111328] [20.767314910888672:34.357685089111328] [20.740428924560547:34.357685089111328] [20.740428924560547:34.357685089111328] [20.740428924560547:34.357685089111328] [20.740428924560547:34.357685089111328] [20.740428924560547:34.357685089111328] [20.740428924560547:34.357685089111328] [20.740428924560547:34.357685089111328] [20.740428924560547:34.357685089111328] [20.740428924560547:34.357685089111328] [20.740428924560547:34.357685089111328] [20.740428924560547:34.357685089111328] [20.60832405090332:34.357685089111328] [20.60832405090332:34.357685089111328] [20.60832405090332:34.357685089111328] [20.52905273:34.357685089111328] [20.52905273:34.357685089111328] [20.52905273:34.357685089111328] [20.52905273:34.357685089111328] [20.52905273:34.357685089111328] [20.52905273:34.357685089111328] [20.52905273:34.357685089111328] [20.52905273:34.357685089111328] [20.52905273:34.357685089111328] [20.52905273:34.357685089111328] [20.844284439086913:34.301384736044916] [20.86952991474805:34.27119560288574] [20.957993888854979:34.165245819326174] [21.013332176208497:34.119628524778321] [0.0046546274530860493:4.3130304010727372] [0.013041314038002714:3.345309931681534] [0.027526308275021994:3.0383026114688216] [0.037107730053953722:3.1220182675991532] [-8.6861438751220703:7.9542140960693359] [60:14280] [20:30]
tree_sizes=1481 1564 1554 1474 1552 1553 1566 1558 1565 1558 1478 1577 1564 1558 1502 1502 1479 1557 1479 1568 1491 1565 1573 1571 1491 1471 1595 1492 1570 1583 1475 1596 1490 1410 1494 1418 1590 1401 1508 1582 1482 1517 1326 1490 1243 1424 1161 1353

Tree=0
num_leaves=16
num_cat=0
split_feature=48 48 48 48 9 49 48 9 9 39 9 48 9 9 15
split_gain=40618.5 15235.7 6669.17 3262.69 1115.74 1008.67 838.86 686.853 245.139 177.502 176.888 164.139 139.128 106.542 10.6589
threshold=24.489644050598148 29.414824867200199 22.76016292572022 25.796032333374026 31.742348672990726 23.63495311737061 21.934778785705571 27.365486145019535 24.873394012451175 33.08630561828614 24.051055908203129 22.32393836975098 23.063848495483402 21.699362754821781 5.395541273056474
decision_type=2 2 2 2 2 2 2 2 2 2 2 2 2 2 2
left_child=2 3 6 8 14 12 13 -5 -2 -6 -7 -8 -4 -1 -3
right_child=1 4 5 7 9 10 11 -9 -10 -11 -12 -13 -14 -15 -16
leaf_value=23.757967219760875 23.948925261960522 24.247713618927687 23.848581385345753 24.047942103744024 24.402484300198207 23.901210428425145 23.80187518824798 24.127693305333114 23.98385053417821 24.500885335208899 23.932109676017241 23.828683715174453 23.874457101221033 23.785064323720434 24.275332498477511
leaf_weight=1625 1347 111 1346 1890 158 1753 1852 580 2135 144 1346 1903 2336 942 119
leaf_count=1625 1347 111 1346 1890 158 1753 1852 580 2135 144 1346 1903 2336 942 119
internal_value=23.9085 24.0397 23.8435 24.0103 24.3684 23.8877 23.7962 24.0667 23.9703 24.4494 23.9146 23.8155 23.865 23.7679 24.262
internal_weight=19587 6484 13103 5952 532 6781 6322 2470 3482 302 3099 3755 3682 2567 230
internal_count=19587 6484 13103 5952 532 6781 6322 2470 3482 302 3099 3755 3682 2567 230
is_linear=0
shrinkage=1


Tree=1
num_leaves=16
num_cat=0
split_feature=49 48 48 48 18 49 48 18 48 18 48 18 48 49 53
split_gain=35705 13581.9 5594.09 3018.13 1011.65 813.655 704.314 508.157 223.653 155.839 122.141 105.679 98.5629 97.7368 31.0976
threshold=24.444704341888428 29.414824867200199 22.741444969628912 25.796032333374026 32.392505644501959 23.63495311737061 21.934778785705571 27.204222679138187 24.958607864115724 30.79593658447266 22.32393836975098 24.099570274353031 21.734614372534669 23.337020015716558 0.1071377277353963
decision_type=2 2 2 2 2 2 2 2 2 2 2 2 2 2 2
left_child=2 3 6 8 9 13 12 -5 -2 -3 -8 -7 -1 -4 -6
right_child=1 4 5 7 14 11 10 -9 -10 -11 -12 -13 -14 -15 -16
leaf_value=-0.14040099937887732 0.038134296921159307 0.30946536500230021 -0.048889407680141508 0.13102720563491674 0.55236049308710289 -0.0059192125091729166 -0.099492451956465361 0.19740975036711284 0.070297943304874849 0.40115924147071558 -0.076131088134168814 0.01901314482929882 -0.11377191947926177 -0.027470178163447111 0.50561227177254042
leaf_weight=1713 1577 163 2410 1818 119 1773 1835 641 2035 143 1844 1153 857 1375 115
leaf_count=1713 1577 163 2410 1818 119 1773 1835 641 2035 143 1844 1153 857 1375 115
internal_value=-0.000281294 0.120954 -0.0621243 0.0935499 0.429046 -0.0214823 -0.105771 0.148331 0.0562553 0.352316 -0.0877832 0.00390547 -0.131521 -0.0411083 0.529386
internal_weight=19571 6611 12960 6071 540 6711 6249 2459 3612 306 3679 2926 2570 3785 234
internal_count=19571 6611 12960 6071 540 6711 6249 2459 3612 306 3679 2926 2570 3785 234
is_linear=0
shrinkage=0.0641065


Tree=2
num_leaves=16
num_cat=0
split_feature=48 49 9 48 49 9 9 9 9 9 49 9 49 48 7
split_gain=31514.2 11501.7 5539.25 2270.19 947.475 930.792 651.435 504.887 179.392 167.696 161.111 138.17 108.14 87.4724 28.4477
threshold=24.589259338378909 29.458676719665529 22.749819755554203 25.796032333374026 23.652007579968267 31.742348672990726 21.904261589050297 27.19506931304932 25.424801830000003 24.212922096252445 22.362204170227056 32.788452148437507 23.337020015716558 21.734614372534669 26.500000000000004
decision_type=2 2 2 2 2 2 2 2 2 2 2 2 2 2 2
left_child=2 3 6 8 12 14 13 -5 -2 -6 -8 -7 -4 -1 -3
right_child=1 5 4 7 9 11 10 -9 -10 -11 -12 -13 -14 -15 -16
leaf_value=-0.13191688566972062 0.047140599550767062 0.28292447989377606 -0.045635439473838364 0.12147670372383124 -0.0010256995611277705 0.43319693976785623 -0.09417692501427366 0.1872352384634097 0.081150083939292461 0.029327625477155488 -0.067946986139276064 0.51871009116606415 -0.023057077960886251 -0.10737525190220185 0.32795267117628063
leaf_weight=1626 2265 120 2382 1849 2074 161 1949 648 887 1170 1901 150 1375 943 111
leaf_count=1626 2265 120 2382 1849 2074 161 1949 648 887 1170 1901 150 1375 943 111
internal_value=0.000301186 0.119948 -0.054895 0.0928824 -0.0154579 0.402039 -0.0979077 0.138542 0.0567112 0.00992171 -0.0812255 0.474441 -0.0373721 -0.122908 0.304561
internal_weight=19611 6191 13420 5649 7001 542 6419 2497 3152 3244 3850 311 3757 2569 231
internal_count=19611 6191 13420 5649 7001 542 6419 2497 3152 3244 3850 311 3757 2569 231
is_linear=0
shrinkage=0.0641065


Tree=3
num_leaves=15
num_cat=0
split_feature=48 9 48 48 49 18 48 9 9 48 9 9 20 9
split_gain=27128.6 9937.53 4755.89 2057.32 757.532 721.368 557.803 391.069 239.066 135.225 129.716 118.044 109.279 63.8432
threshold=24.561813163757328 29.621734619140629 22.76016292572022 25.911244010442385 23.687866973876957 32.392505644501959 21.873002815246583 27.19506931304932 25.424801830000003 22.290344619750979 23.982880592346195 23.175347328186039 30.875319480896 21.442242624477544
decision_type=2 2 2 2 2 2 2 2 2 2 2 2 2 2
left_child=2 3 6 8 11 12 13 -5 -2 -8 -6 -4 -3 -1
right_child=1 5 4 7 10 -7 9 -9 -10 -11 -12 -13 -14 -15
leaf_value=-0.12966190727267582 0.043568266621723674 0.2758587568109534 -0.04652597264988638 0.11656107359874378 -0.0058233629630544325 0.46501048211956297 -0.089792284085810678 0.17587125493341593 0.079718823787403525 -0.066558573311381972 0.02050571973486753 -0.024170332573469788 0.35279019170487846 -0.1078524850945496
leaf_weight=1018 2413 158 1739 1603 1429 221 2027 639 1092 2092 1665 2197 146 1204
leaf_count=1018 2413 158 1739 1603 1429 221 2027 639 1092 2092 1665 2197 146 1204
internal_value=-0.000102705 0.109897 -0.0517007 0.0855076 -0.0153898 0.376877 -0.0919571 0.133465 0.0548312 -0.0779921 0.00834533 -0.0340475 0.312806 -0.117844
internal_weight=19643 6272 13371 5747 7030 525 6341 2242 3505 4119 3094 3936 304 2222
internal_count=19643 6272 13371 5747 7030 525 6341 2242 3505 4119 3094 3936 304 2222
is_linear=0
shrinkage=0.0641065


Tree=4
num_leaves=16
num_cat=0
split_feature=49 49 9 49 49 9 9 9 9 9 39 55 49 9 7
split_gain=24073.9 8763.39 4277.14 1773.53 711.855 688.014 483.674 390.132 178.147 142.607 115.915 114.022 84.0287 69.5394 12.09
threshold=24.561724757859867 29.458676719665529 22.731623647324223 25.843673324451419 23.619786739278325 31.742348672990726 21.917891502380375 27.530233383178714 25.492396354675297 24.212922096252445 33.08630561828614 0.6397725324187834 22.731744289266118 21.39172458648682 23.500000000000004
decision_type=2 2 2 2 2 2 2 2 2 2 2 2 2 2 2
left_child=2 3 6 8 12 14 13 -5 -2 -6 -7 -8 -4 -1 -3
right_child=1 5 4 7 9 10 11 -9 -10 -11 -12 -13 -14 -15 -16
leaf_value=-0.12160771141090049 0.041582009847208563 0.25369677427595649 -0.057093281420209044 0.10915589722951353 -0.0026187782401283421 0.37773561827399871 -0.075652431772276416 0.17227898253981222 0.075653841452795564 0.024884033499571984 0.45704810517888272 -0.040108517947162983 -0.029554985077654108 -0.099847839719877249 0.28342043139905548
leaf_weight=934 2469 111 532 1921 2167 154 3292 509 847 1206 149 418 3161 1706 114
leaf_count=934 2469 111 532 1921 2167 154 3292 509 847 1206 149 418 3161 1706 114
internal_value=8.47216e-05 0.10374 -0.0483897 0.0807733 -0.0140761 0.353678 -0.0865725 0.122378 0.0502849 0.00721472 0.416738 -0.0716478 -0.0335221 -0.107546 0.268757
internal_weight=19690 6274 13416 5746 7066 528 6350 2430 3316 3373 303 3710 3693 2640 225
internal_count=19690 6274 13416 5746 7066 528 6350 2430 3316 3373 303 3710 3693 2640 225
is_linear=0
shrinkage=0.0641065


Tree=5
num_leaves=16
num_cat=0
split_feature=48 9 48 48 48 9 48 9 9 9 9 48 9 6 53
split_gain=21145.4 7662.85 3663.3 1661.21 551.481 545.886 431.859 243.329 234.86 151.631 82.5115 82.2066 70.7557 49.2698 26.6832
threshold=24.561813163757328 29.621734619140629 22.741444969628912 26.13675346396094 23.452309226583498 32.369287493173836 21.955098342895511 27.530233383178714 25.52561187744141 24.051055908203129 30.76584625244141 22.360145187707523 21.442242624477544 10.500000000000002 0.1071377277353963
decision_type=2 2 2 2 2 2 2 2 2 2 2 2 2 2 2
left_child=2 3 6 8 13 10 12 -5 -2 -6 -3 -8 -1 -4 -7
right_child=1 5 4 7 9 14 11 -9 -10 -11 -12 -13 -14 -15 -16
leaf_value=-0.11379168536981836 0.040611310119374848 0.23941205952161496 -0.018079094568544254 0.11075520345649592 -0.0085738062178177723 0.42860663543951671 -0.075735339118852746 0.16248387536032929 0.074638028633393971 0.01659634733750312 0.30723890352391225 -0.05649779877587869 -0.092305926637877456 -0.038855902032956642 0.38481959545688066
leaf_weight=1029 2623 144 583 1406 2478 111 1939 509 1222 1631 151 1725 1624 2400 118
leaf_count=1029 2623 144 583 1406 2478 111 1939 509 1222 1631 151 1725 1624 2400 118
internal_value=3.7182e-05 0.0970735 -0.045438 0.0757217 -0.0138144 0.33178 -0.0809413 0.124504 0.0514255 0.00141707 0.27413 -0.0666784 -0.100639 -0.0347953 0.406044
internal_weight=19693 6284 13409 5760 7092 524 6317 1915 3845 4109 295 3664 2653 2983 229
internal_count=19693 6284 13409 5760 7092 524 6317 1915 3845 4109 295 3664 2653 2983 229
is_linear=0
shrinkage=0.0641065


Tree=6
num_leaves=16
num_cat=0
split_feature=49 49 49 49 9 49 9 18 9 55 9 18 9 55 14
split_gain=18631.6 6922.65 2937.27 1563.33 527.53 459.617 370.556 286.876 197.686 110.081 96.4123 85.8472 80.5131 57.0557 7.13012
threshold=24.444704341888428 29.458676719665529 22.731744289266118 25.921930599351811 31.742348672990726 23.63495311737061 22.064189909724124 27.204222679138187 24.963055610656742 0.44198153738093132 32.788452148437507 21.698589324951175 23.007195472717289 0.58182731748096395 4.6472029366185934
decision_type=2 2 2 2 2 2 2 2 2 2 2 2 2 2 2
left_child=2 3 6 8 14 12 11 -5 -2 -7 -6 -1 -4 -8 -3
right_child=1 4 5 7 10 9 13 -9 -10 -11 -12 -13 -14 -15 -16
leaf_value=-0.10166105568000601 0.027374867716222245 0.22444335436721125 -0.042689490280052471 0.095592267160336614 0.32732721049448682 -0.0095455306108710291 -0.063302297897679743 0.14568392911277514 0.056420104564516058 0.015302925036562777 0.39941347965604684 -0.080608431153968346 -0.023176682876555527 -0.035042946339216965 0.24689762672703652
leaf_weight=1664 1757 122 1327 1607 153 1370 2663 664 2131 1575 152 1526 2518 330 111
leaf_count=1664 1757 122 1327 1607 153 1370 2663 664 2131 1575 152 1526 2518 330 111
internal_value=0.000404967 0.087242 -0.0444226 0.0679785 0.307769 -0.0153142 -0.0763886 0.110238 0.0432945 0.00374354 0.363252 -0.0915901 -0.029911 -0.0601865 0.23514
internal_weight=19670 6697 12973 6159 538 6790 6183 2271 3888 2945 305 3190 3845 2993 233
internal_count=19670 6697 12973 6159 538 6790 6183 2271 3888 2945 305 3190 3845 2993 233
is_linear=0
shrinkage=0.0641065


Tree=7
num_leaves=16
num_cat=0
split_feature=9 48 9 48 49 9 18 6 48 6 48 49 9 9 53
split_gain=16714.7 5498.63 3422.3 1024.6 650.645 456.303 359.972 174.38 163.888 103.259 95.587 92.6066 77.9243 41.9936 13.9209
threshold=24.846123695373539 29.414824867200199 22.767560006665047 26.280783653259281 23.862732505720217 32.369287493173836 21.904134752155766 10.500000000000002 25.605626869201664 9.5000000000000018 23.452309226583498 22.362204170227056 30.76584625244141 21.699362754821781 0.10394077290867824
decision_type=2 2 2 2 2 2 2 2 2 2 2 2 2 2 2
left_child=2 3 6 8 10 12 13 -5 -2 -6 -4 -8 -3 -1 -7
right_child=1 5 4 7 9 14 11 -9 -10 -11 -12 -13 -14 -15 -16
leaf_value=-0.095259725675367085 0.043616440431251388 0.20960472955161971 -0.030817005094595295 0.13575811327075538 0.040149293019388105 0.37535786875512961 -0.068217990560324529 0.09306592878674734 0.073574207197264582 0.0089686695835862369 -0.010865642125434461 -0.048701287702985208 0.27387927986587141 -0.077830742392226204 0.34367463786578584
leaf_weight=1659 2119 164 2800 889 514 113 1979 705 1162 2894 1524 2018 147 864 115
leaf_count=1659 2119 164 2800 889 514 113 1979 705 1162 2894 1524 2018 147 864 115
internal_value=0.000303639 0.0961933 -0.0361226 0.0747112 -0.00727558 0.290489 -0.0703319 0.116876 0.0542263 0.0136714 -0.0237851 -0.0583644 0.239985 -0.0892912 0.359377
internal_weight=19666 5414 14252 4875 7732 539 6520 1594 3281 3408 4324 3997 311 2523 228
internal_count=19666 5414 14252 4875 7732 539 6520 1594 3281 3408 4324 3997 311 2523 228
is_linear=0
shrinkage=0.0641065


Tree=8
num_leaves=16
num_cat=0
split_feature=48 48 49 48 48 18 48 19 6 50 6 49 18 18 53
split_gain=14285.7 4859.9 3000.8 826.625 567.132 444.118 302.6 148.864 144.563 126.363 115.426 67.7652 63.7694 43.8534 16.7944
threshold=24.871370887756349 29.414824867200199 22.773761940002448 26.280783653259281 24.054725074768069 32.392505644501959 21.934778785705571 27.387870788503424 10.500000000000002 23.625081730013189 9.5000000000000018 22.295899867964604 30.79593658447266 21.39172458648682 0.10255893577726956
decision_type=2 2 2 2 2 2 2 2 2 2 2 2 2 2 2
left_child=2 3 6 8 9 12 13 -5 -2 -4 -6 -8 -3 -1 -7
right_child=1 5 4 7 10 14 11 -9 -10 -11 -12 -13 -14 -15 -16
leaf_value=-0.095010727312404133 0.065405795049037249 0.19283188985971689 -0.026604730412687901 0.091618920620720551 0.046600440350606835 0.35323920917099566 -0.064373752473209728 0.13241763369381412 0.037843471618424329 -0.0058355114126756244 0.010917361988339759 -0.047160876485693753 0.25033912191403518 -0.077389613541134786 0.31896286142732039
leaf_weight=902 1377 168 3461 1025 449 118 1733 573 1810 1846 2188 2054 150 1628 117
leaf_count=902 1377 168 3461 1025 449 118 1733 573 1810 1846 2188 2054 150 1628 117
internal_value=-4.41837e-05 0.0894141 -0.0335291 0.0686197 -0.00730621 0.269345 -0.066506 0.106248 0.0497523 -0.0193803 0.0169931 -0.0550378 0.219958 -0.0836719 0.336174
internal_weight=19599 5338 14261 4785 7944 553 6317 1598 3187 5307 2637 3787 318 2530 235
internal_count=19599 5338 14261 4785 7944 553 6317 1598 3187 5307 2637 3787 318 2530 235
is_linear=0
shrinkage=0.0641065


Tree=9
num_leaves=16
num_cat=0
split_feature=9 48 9 48 49 9 9 9 9 55 9 55 9 49 7
split_gain=12208 4074.54 2621.6 732.466 495.508 343.626 261.712 141.717 97.8293 97.0442 78.3355 75.8019 60.7625 50.5196 26.1177
threshold=24.821648597717289 29.414824867200199 22.749819755554203 26.13675346396094 23.728204440905767 31.742348672990726 22.064189909724124 27.742073059082035 25.668535232543949 0.55641277190647387 32.788452148437507 0.64558239855779798 21.699362754821781 23.303642845240482 25.500000000000004
decision_type=2 2 2 2 2 2 2 2 2 2 2 2 2 2 2
left_child=2 3 6 8 13 14 12 -5 -2 -6 -7 -8 -1 -4 -3
right_child=1 5 4 7 9 10 11 -9 -10 -11 -12 -13 -14 -15 -16
leaf_value=-0.083057712358413346 0.036198588612171338 0.17045593607402815 -0.028754177484821498 0.08606162286031914 0.001691576034498411 0.26343206693738641 -0.052739436179100367 0.1293560824970752 0.060095128621309321 0.022783999199486284 0.32918160773058314 -0.022119037440846437 -0.065376433863846062 -0.01433410220718603 0.21348106441621792
leaf_weight=1768 2066 118 2250 1392 2283 152 2745 400 1068 1476 146 378 1457 1795 114
leaf_count=1768 2066 118 2250 1392 2283 152 2745 400 1068 1476 146 378 1457 1795 114
internal_value=-0.000260345 0.0812062 -0.031668 0.0630345 -0.00678313 0.2501 -0.0622606 0.0957256 0.044342 0.00997368 0.295645 -0.0490332 -0.0750696 -0.0223552 0.191598
internal_weight=19608 5456 14152 4926 7804 530 6348 1792 3134 3759 298 3123 3225 4045 232
internal_count=19608 5456 14152 4926 7804 530 6348 1792 3134 3759 298 3123 3225 4045 232
is_linear=0
shrinkage=0.0641065


Tree=10
num_leaves=15
num_cat=0
split_feature=48 9 9 48 9 51 9 48 6 51 55 6 7 7
split_gain=10955.9 3952.21 1748.74 908.914 274.068 242.701 221.041 207.151 101.976 80.437 63.7424 62.2579 53.4854 41.0862
threshold=24.441848755073249 29.621734619140629 22.731623647324223 25.707640075947758 32.369287493173836 21.966499773523523 23.812981605529789 26.774087142944342 10.500000000000002 23.33676595685311 0.57835381484858173 15.500000000000002 28.500000000000004 27.500000000000004
decision_type=2 2 2 2 2 2 2 2 2 2 2 2 2 2
left_child=2 3 5 8 12 13 9 -5 -2 -4 -8 -7 -3 -1
right_child=1 4 6 7 -6 11 10 -9 -10 -11 -12 -13 -14 -15
leaf_value=-0.065370471769641211 0.044613294150016108 0.16855947491944018 -0.028292833700849476 0.067668198327876655 0.29187122261318432 -0.043578650049408717 -0.002548834658040215 0.10510635569663791 0.022165270094431658 -0.01108851614029535 0.020340359095550185 -0.06249146355861647 0.22297667693769965 -0.081928319839707664
leaf_weight=1187 1392 140 2180 1681 219 2914 1469 951 2066 2290 758 948 158 1280
leaf_count=1187 1392 140 2180 1681 219 2914 1469 951 2066 2290 758 948 158 1280
internal_value=1.32216e-05 0.0672544 -0.0340926 0.0528081 0.237424 -0.0582546 -0.0112584 0.0811954 0.0312016 -0.019479 0.00524192 -0.0482212 0.197412 -0.0739615
internal_weight=19633 6607 13026 6090 517 6329 6697 2632 3458 4470 2227 3862 298 2467
internal_count=19633 6607 13026 6090 517 6329 6697 2632 3458 4470 2227 3862 298 2467
is_linear=0
shrinkage=0.0641065


Tree=11
num_leaves=16
num_cat=0
split_feature=49 48 49 48 18 48 49 48 55 3 49 18 48 53 54
split_gain=9581.19 3556.17 1472.66 752.396 283.443 203.074 200.217 195.197 83.2844 78.1685 65.7402 46.7016 43.0869 20.8485 19.6574
threshold=24.444704341888428 29.414824867200199 22.731744289266118 25.707640075947758 32.392505644501959 26.774087142944342 23.480296230316167 21.765634155603035 0.38038789525261213 2.8888675000000004 22.266192913055423 22.75206279754639 30.719517517089844 0.10255893577726956 0.07667178542892332
decision_type=2 2 2 2 2 2 2 2 2 2 2 2 2 2 2
left_child=2 3 7 9 12 -5 11 14 -8 -2 -9 -4 -3 -6 -1
right_child=1 4 6 5 13 -7 8 10 -10 -11 -12 -13 -14 -15 -16
leaf_value=-0.087302577022693326 0.033599111706101331 0.15705790449315926 -0.039595544483102083 0.061445191519374186 0.29340352933091679 0.098788126836875725 -0.013020087469755616 -0.054894618083532756 0.0067976199920058962 0.0083757396730717634 -0.039289149638672652 -0.019552362820761022 0.20562723284610077 0.2550504366786604 -0.069659012952555555
leaf_weight=317 2864 158 587 1692 117 926 1460 2367 2162 613 2088 2567 143 116 1431
leaf_count=317 2864 158 587 1692 117 926 1460 2367 2162 613 2088 2567 143 116 1431
internal_value=-0.000108908 0.0625945 -0.0321346 0.0486965 0.221225 0.0746536 -0.0114738 -0.0547039 -0.00119074 0.0291522 -0.0475805 -0.0232827 0.180132 0.274309 -0.0728587
internal_weight=19608 6629 12979 6095 534 2618 6776 6203 3622 3477 4455 3154 301 233 1748
internal_count=19608 6629 12979 6095 534 2618 6776 6203 3622 3477 4455 3154 301 233 1748
is_linear=0
shrinkage=0.0641065


Tree=12
num_leaves=16
num_cat=0
split_feature=9 9 9 48 19 6 48 9 6 55 55 20 9 6 17
split_gain=8582.83 3185.45 1363.66 675.062 238.116 204.183 200.697 196.854 115.627 93.3608 67.2336 48.6245 40.7248 36.6701 14.6921
threshold=24.469364166259769 29.621734619140629 22.787264823913578 25.796032333374026 32.40666580200196 10.500000000000002 23.553261184459476 22.064189909724124 10.500000000000002 0.57835381484858173 0.64558239855779798 21.368885993957523 30.76584625244141 10.500000000000002 -1.2538839999999998
decision_type=2 2 2 2 2 2 2 2 2 2 2 2 2 2 2
left_child=2 3 7 8 12 -5 13 11 -2 -8 -9 -1 -3 -4 -6
right_child=1 4 6 5 14 -7 9 10 -10 -11 -12 -13 -14 -15 -16
leaf_value=-0.075344916438201293 0.04293330856541587 0.15044684442113843 -0.0078711899669511795 0.090090908110173437 0.27580503246072097 0.05297365997290733 -0.0061754579594771649 -0.042846485786299536 0.019112830481662277 0.01599714834018125 -0.0149831978794685 -0.057163596487357082 0.1966245894150086 -0.024539089795332387 0.24318589122658335
leaf_weight=802 1406 159 698 1300 113 1146 2215 2884 2071 1205 406 2455 155 2434 114
leaf_count=802 1406 159 698 1300 113 1146 2215 2884 2071 1205 406 2455 155 2434 114
internal_value=5.21361e-05 0.0604981 -0.0297763 0.0468973 0.209403 0.0727007 -0.00910017 -0.0504683 0.0287452 0.00163682 -0.039408 -0.0616405 0.173242 -0.0208245 0.259424
internal_weight=19563 6464 13099 5923 541 2446 6552 6547 3477 3420 3290 3257 314 3132 227
internal_count=19563 6464 13099 5923 541 2446 6552 6547 3477 3420 3290 3257 314 3132 227
is_linear=0
shrinkage=0.0641065


Tree=13
num_leaves=16
num_cat=0
split_feature=49 9 50 9 9 9 6 48 6 50 6 42 7 6 7
split_gain=7491.16 2716.14 1178.87 634.426 235.166 189.571 159.493 126.531 100.588 88.3028 57.7554 51.4427 43.85 35.766 33.1436
threshold=24.444704341888428 29.621734619140629 22.578956985473635 25.784105300903324 23.57299900054932 31.742348672990726 10.500000000000002 21.765634155603035 10.500000000000002 26.473077440230593 15.500000000000002 33.151081085205085 27.500000000000004 15.500000000000002 17.500000000000004
decision_type=2 2 2 2 2 2 2 2 2 2 2 2 2 2 2
left_child=2 3 7 9 10 12 -5 14 -6 -2 -4 -7 -3 -9 -1
right_child=1 5 4 6 8 11 -8 13 -10 -11 -12 -13 -14 -15 -16
leaf_value=-0.052809770675233812 0.024301952564202384 0.1239747677376235 -0.018978614127450423 0.083429813311298492 0.020673803249674615 0.20364969117086865 0.050983180093001082 -0.040101230537156009 -0.0053854156081456486 0.08091416905441734 -0.043641716363079473 0.25725977015088103 0.17984081937608071 -0.053782586310480343 -0.071361720428650813
leaf_weight=597 3513 117 4034 1318 833 155 1180 2574 2261 117 432 140 114 1130 1174
leaf_count=597 3513 117 4034 1318 833 155 1180 2574 2261 117 432 140 114 1130 1174
internal_value=-0.00010766 0.0552374 -0.0283597 0.0432377 -0.0119535 0.195036 0.0681027 -0.0510139 0.00163053 0.0261266 -0.0213643 0.229092 0.151545 -0.0442751 -0.0651079
internal_weight=19689 6654 13035 6128 7560 526 2498 5475 3094 3630 4466 295 231 3704 1771
internal_count=19689 6654 13035 6128 7560 526 2498 5475 3094 3630 4466 295 231 3704 1771
is_linear=0
shrinkage=0.0641065


Tree=14
num_leaves=15
num_cat=1
split_feature=9 9 9 49 9 49 45 3 3 10 39 9 9 0
split_gain=6655.18 2133.92 1370.54 454.661 217.444 197.185 177.588 106.987 93.7046 73.6708 63.7222 47.8094 47.1622 46.8251
threshold=24.821648597717289 29.621734619140629 23.007195472717289 26.318491649627688 22.207475662231449 24.001433372497562 33.201393127441413 0.27658100000000008 2.8888675000000004 2.5000000000000004 23.933690071105961 30.76584625244141 21.699362754821781 0
decision_type=2 2 2 2 2 2 2 2 2 2 2 2 2 9
left_child=2 3 4 8 12 13 11 -5 -2 -7 -6 -3 -1 -4
right_child=1 6 5 7 10 9 -8 -9 -10 -11 -12 -13 -14 -15
leaf_value=-0.06038190149589949 0.037145857618956828 0.13119040619857358 -0.017378869593807467 0.098929177920412087 -0.032937771539969012 0.0056166478531594821 0.24148311344934015 0.063437779232575098 0.00055098614420524426 0.032096679486376616 0.0027582535807322947 0.17730336648305131 -0.046188764184039464 -0.0031633711323897054
leaf_weight=1775 3096 154 2327 532 3339 2292 148 1015 317 532 219 231 2101 1635
leaf_count=1775 3096 154 2327 532 3339 2292 148 1015 317 532 219 231 2101 1635
internal_value=-1.86262e-05 0.0599122 -0.0231691 0.0468141 -0.042184 -0.00233855 0.181801 0.075643 0.0337469 0.0106051 -0.0307406 0.158858 -0.0526885 -0.0115644
internal_weight=19713 5493 14220 4960 7434 6786 533 1547 3413 2824 3558 385 3876 3962
internal_count=19713 5493 14220 4960 7434 6786 533 1547 3413 2824 3558 385 3876 3962
cat_boundaries=0 1
cat_threshold=4685
is_linear=0
shrinkage=0.0641065


Tree=15
num_leaves=15
num_cat=1
split_feature=9 51 9 9 51 0 48 9 48 55 54 18 53 9
split_gain=5808.76 1884.05 1231.72 355.767 209.866 195.547 165.881 159.266 78.793 55.4749 53.2941 49.8872 43.4568 39.3382
threshold=24.846123695373539 29.737022527046147 23.007195472717289 26.449912073642583 22.269414075236494 0 24.054725074768069 32.788452148437507 25.641321372985846 0.58182731748096395 0.49079329488267781 21.3485860824585 0.18524192474224141 22.207475662231449
decision_type=2 2 2 2 2 9 2 2 2 2 2 2 2 2
left_child=2 3 4 8 11 -5 9 12 -2 -4 -8 -1 -3 -6
right_child=1 7 6 5 13 -7 10 -9 -10 -11 -12 -13 -14 -15
leaf_value=-0.06431865340087134 0.025217001849457361 0.17998911071041038 -0.013734641275053354 0.011392569523132017 -0.041728301494996685 0.081294876996238857 0.002991395579930319 0.22717228595124248 0.044780650959858434 0.0040384631036153298 0.021310664886066345 -0.046078792113736299 0.13396997446422015 -0.024648556127027717
leaf_weight=765 2076 126 3247 209 691 1185 1562 150 1428 928 1121 3169 255 2799
leaf_count=765 2076 126 3247 209 691 1185 1562 150 1428 928 1121 3169 255 2799
internal_value=7.69392e-05 0.0565217 -0.0213794 0.0440873 -0.0394737 0.0714794 -0.00179161 0.171218 0.0331899 -0.00978412 0.0106455 -0.0496257 0.149189 -0.0280302
internal_weight=19711 5429 14282 4898 7424 1394 6858 531 3504 4175 2683 3934 381 3490
internal_count=19711 5429 14282 4898 7424 1394 6858 531 3504 4175 2683 3934 381 3490
cat_boundaries=0 1
cat_threshold=544
is_linear=0
shrinkage=0.0641065


Tree=16
num_leaves=15
num_cat=0
split_feature=9 9 51 49 9 6 19 42 3 55 6 55 17 6
split_gain=5153.25 1665.75 1104.93 356.6 191.56 169.81 131.131 92.6399 88.9938 75.2915 48.1885 45.3022 29.3562 27.7122
threshold=24.846123695373539 30.152811050415043 22.903654829695153 26.318491649627688 23.77419471740723 10.500000000000002 21.903992654682622 33.151081085205085 2.8888675000000004 0.37039925071003871 15.500000000000002 0.60862394165075906 -1.0592969999999997 15.500000000000002
decision_type=2 2 2 2 2 2 2 2 2 2 2 2 2 2
left_child=2 3 6 8 11 -5 13 12 -2 -6 -8 -4 -3 -1
right_child=1 7 4 5 9 -7 10 -9 -10 -11 -12 -13 -14 -15
leaf_value=-0.045221854427269961 0.033546723104428494 0.16696573400490233 -0.016723317505970142 0.085573605856797283 -0.0046992981492205111 0.044035691907993002 -0.028537605023667548 0.21311387274659574 -0.0024990931732931168 0.015389618868211703 -0.044852637590603144 -0.002023020208757611 0.12756708987893103 -0.0589176914082227
leaf_weight=1511 3060 187 3010 892 1205 740 3260 140 310 2108 964 1207 133 1015
leaf_count=1511 3060 187 3010 892 1205 740 3260 140 310 2108 964 1207 133 1015
internal_value=-8.00946e-05 0.0528783 -0.0203363 0.0421424 -0.0034529 0.066739 -0.0391707 0.169619 0.0302309 0.0080829 -0.032261 -0.0125158 0.150591 -0.0507251
internal_weight=19742 5462 14280 5002 7530 1632 6750 460 3370 3313 4224 4217 320 2526
internal_count=19742 5462 14280 5002 7530 1632 6750 460 3370 3313 4224 4217 320 2526
is_linear=0
shrinkage=0.0641065


Tree=17
num_leaves=16
num_cat=0
split_feature=48 9 48 9 18 6 6 2 6 6 6 6 6 33 51
split_gain=4643.17 1490.81 991.301 287.024 168.667 168.057 222.115 142.115 128.53 85.7106 84.4556 50.4732 37.0199 34.1415 24.6933
threshold=24.958607864115724 29.621734619140629 23.092667198181157 26.5144157409668 22.154624938964847 10.500000000000002 12.500000000000002 6.5827470000000003 9.5000000000000018 10.500000000000002 10.500000000000002 15.500000000000002 15.500000000000002 32.090600967407234 32.97543811790333
decision_type=2 2 2 2 2 2 2 2 2 2 2 2 2 2 2
left_child=2 3 4 9 12 7 -7 -4 14 -2 -5 -6 -1 -10 -3
right_child=1 8 5 10 11 6 -8 -9 13 -11 -12 -13 -14 -15 -16
leaf_value=-0.039257061507348825 0.042502622163008291 0.16871716339937295 0.046743051497826364 0.082344520184024661 -0.021774639045806482 -0.023565224487564432 0.0041053353232813963 0.0056837308210923657 0.10817747801755512 0.021801961386756354 0.04886728105793043 -0.040354282253197968 -0.052708408586554692 0.15324155413609308 0.20955425326538893
leaf_weight=2260 1489 128 461 681 3293 1956 3053 1394 183 1835 568 735 1339 111 116
leaf_count=2260 1489 128 461 681 3293 1956 3053 1394 183 1835 568 735 1339 111 116
internal_value=0.00025949 0.0527953 -0.01827 0.0409198 -0.0341762 -0.000595618 -0.00669994 0.0158877 0.153737 0.0310749 0.0671203 -0.0251649 -0.0442616 0.125191 0.188132
internal_weight=19602 5111 14491 4573 7627 6864 5009 1855 538 3324 1249 4028 3599 294 244
internal_count=19602 5111 14491 4573 7627 6864 5009 1855 538 3324 1249 4028 3599 294 244
is_linear=0
shrinkage=0.0641065


Tree=18
num_leaves=15
num_cat=0
split_feature=9 50 50 18 6 6 6 6 55 48 45 7 7 8
split_gain=4050.46 1598.29 515.23 370.423 214.053 127.627 123.503 100.326 94.3851 70.4505 56.7514 37.1138 33.5871 26.539
threshold=24.212922096252445 28.978397703170781 22.578956985473635 25.704504966735843 10.500000000000002 10.500000000000002 9.5000000000000018 15.500000000000002 0.34595593032804245 21.765634155603035 33.201393127441413 41.500000000000007 20.500000000000004 1.5000000000000002
decision_type=2 2 2 2 2 2 2 2 2 2 2 2 2 2
left_child=2 3 9 5 10 -2 -5 8 -4 12 -3 -9 -1 -11
right_child=1 4 7 6 -6 -7 -8 11 -10 13 -12 -13 -14 -15
leaf_value=-0.036619448170998332 0.030814790845170088 0.14104691922119902 -0.017892646320461048 0.070318456772211102 0.071531482125082493 0.007739260467188102 0.038892272021928763 -0.027784282695942977 -0.0020025093316436106 -0.013919859611271845 0.1882267869931635 -0.066950059808466897 -0.054774657365790493 -0.033746619831566953
leaf_weight=686 1605 315 2610 714 163 2550 1834 403 3734 302 157 132 1075 3413
leaf_count=686 1605 315 2610 714 163 2550 1834 403 3734 302 157 132 1075 3413
internal_value=-6.22899e-05 0.0376628 -0.0224683 0.0284542 0.134868 0.0166529 0.0476985 -0.0107881 -0.00853991 -0.0371411 0.15674 -0.0374476 -0.0477023 -0.0321349
internal_weight=19693 7338 12355 6703 635 4155 2548 6879 6344 5476 472 535 1761 3715
internal_count=19693 7338 12355 6703 635 4155 2548 6879 6344 5476 472 535 1761 3715
is_linear=0
shrinkage=0.0641065


Tree=19
num_leaves=16
num_cat=0
split_feature=49 9 50 2 50 9 9 31 5 55 8 52 45 9 8
split_gain=3533.06 1319.6 558.224 295.374 170.504 125.376 105.755 63.41 50.6462 43.4531 38.6842 34.9674 31.4022 20.8156 15.4982
threshold=24.444704341888428 27.742073059082035 22.54800810828748 0.9565760000000002 25.812842988967898 23.422153472900394 32.788452148437507 21.459689140319828 3.7002795000000006 0.35449951831582099 1.5000000000000002 0.77050606391314336 25.58754920959473 22.118061065673832 2.5000000000000004
decision_type=2 2 2 2 2 2 2 2 2 2 2 2 2 2 2
left_child=2 4 7 6 8 10 -3 14 -2 -7 -4 -5 -6 -9 -1
right_child=1 3 5 11 12 9 -8 13 -10 -11 -12 -13 -14 -15 -16
leaf_value=-0.055941482093931273 0.020737470972622903 0.11652163176136689 -0.0068426205426656561 0.072321545122657954 0.0595157526241957 -0.0086251914334164945 0.17653204098787792 -0.035679024861505822 -0.0017128474112690756 0.0056334315037107462 -0.020478877774076878 0.028579031307819719 0.037543665684170238 -0.026628101383057819 -0.041162773294314434
leaf_weight=571 3118 511 1249 198 316 1418 158 2263 476 2308 2710 121 1735 1939 596
leaf_count=571 3118 511 1249 198 316 1418 158 2263 476 2308 2710 121 1735 1939 596
internal_value=4.46913e-05 0.0381429 -0.0193138 0.10649 0.0261806 -0.00823328 0.130695 -0.035174 0.0177641 0.000207042 -0.0161769 0.0557296 0.0409289 -0.0315025 -0.0483938
internal_weight=19687 6633 13054 988 5645 7685 669 5369 3594 3726 3959 319 2051 4202 1167
internal_count=19687 6633 13054 988 5645 7685 669 5369 3594 3726 3959 319 2051 4202 1167
is_linear=0
shrinkage=0.0641065


Tree=20
num_leaves=15
num_cat=1
split_feature=9 51 18 48 6 50 18 6 0 6 6 8 9 18
split_gain=3102.8 1029.94 648.393 231.749 125.684 101.445 99.9922 76.9816 75.3993 64.306 41.088 40.3267 37.6579 29.9743
threshold=24.821648597717289 29.737022527046147 22.942913054567878 26.369780921936037 10.500000000000002 23.665921259027957 22.237767219543461 10.500000000000002 0 9.5000000000000018 10.500000000000002 1.5000000000000002 32.788452148437507 21.3046407699585
decision_type=2 2 2 2 2 2 2 2 9 2 2 2 2 2
left_child=2 3 6 8 12 10 13 -5 -2 -7 -4 -8 -3 -1
right_child=1 4 5 7 -6 9 11 -9 -10 -11 -12 -13 -14 -15
leaf_value=-0.0489943829296655 0.037518156613444216 0.12691878698983194 0.0020971685814825196 0.066550814219093479 0.066083589973017859 0.024761150472288461 -0.0067420782919239064 0.0367133181666126 0.01653021902236361 0.0013011763763917997 -0.015496999767579773 -0.024599561273799645 0.16697354746846921 -0.033752019948519722
leaf_weight=628 1013 277 725 799 118 556 655 640 2500 3521 2203 2516 148 3405
leaf_count=628 1013 277 725 799 118 556 655 640 2500 3521 2203 2516 148 3405
internal_value=-0.000104773 0.0408024 -0.0159247 0.031612 0.124616 -0.00203723 -0.0294285 0.0532805 0.0227361 0.00450053 -0.0111405 -0.0209109 0.140867 -0.0361255
internal_weight=19704 5495 14209 4952 543 7005 7204 1439 3513 4077 2928 3171 425 4033
internal_count=19704 5495 14209 4952 543 7005 7204 1439 3513 4077 2928 3171 425 4033
cat_boundaries=0 1
cat_threshold=2096
is_linear=0
shrinkage=0.0641065


Tree=21
num_leaves=16
num_cat=0
split_feature=9 49 9 9 6 6 3 3 55 9 6 6 55 41 6
split_gain=2642.01 1011.4 399.817 224.157 193.577 171.798 122.935 112.071 92.3045 69.379 51.8567 50.8387 39.052 28.381 17.2846
threshold=24.321227073669437 27.511888408910892 22.731623647324223 31.742348672990726 10.500000000000002 11.500000000000002 2.8888675000000004 0.27658100000000008 0.59273865111597024 21.699362754821781 12.500000000000002 15.500000000000002 0.6397725324187834 33.125730514526374 17.500000000000004
decision_type=2 2 2 2 2 2 2 2 2 2 2 2 2 2 2
left_child=2 4 9 7 6 -6 -2 -3 11 14 -10 -4 -11 -5 -1
right_child=1 3 8 13 5 -7 -8 -9 10 12 -12 -13 -14 -15 -16
leaf_value=-0.035667209407750373 0.041323631534157128 0.086207789553684064 -0.008829146756922767 0.11767212540836153 -0.011789355464788721 0.020432132007160802 0.0062381535046173026 0.027905550921835706 -0.0037211160716402346 -0.026717998569592866 0.018920828360641875 -0.033587334696065251 -0.0071800983683952867 0.15655359444452202 -0.049698303568442015
leaf_weight=1270 2119 514 4326 160 950 2393 509 184 898 4136 774 370 468 149 504
leaf_count=1270 2119 514 4326 160 950 2393 509 184 898 4136 774 370 468 149 504
internal_value=-0.000177277 0.0315325 -0.0175373 0.0909627 0.0215097 0.0112756 0.0345282 0.0708387 -0.00617447 -0.0288823 0.00676026 -0.0107799 -0.024732 0.136421 -0.0396535
internal_weight=19724 6978 12746 1007 5971 3343 2628 698 6368 6378 1672 4696 4604 309 1774
internal_count=19724 6978 12746 1007 5971 3343 2628 698 6368 6378 1672 4696 4604 309 1774
is_linear=0
shrinkage=0.0641065


Tree=22
num_leaves=16
num_cat=3
split_feature=9 19 18 6 2 6 6 0 55 0 30 0 7 6 55
split_gain=2437.14 927.808 317.552 216.785 251.261 168.182 166.069 103.198 100.471 52.8699 47.2641 31.2733 22.8104 20.0018 15.5692
threshold=24.212922096252445 27.554233551025394 22.357896804809574 10.500000000000002 0.9565760000000002 10.500000000000002 11.500000000000002 0 0.58182731748096395 1 22.035506248474125 2 21.500000000000004 10.500000000000002 1.0257526788576627
decision_type=2 2 2 2 2 2 2 9 2 9 2 9 2 2 2
left_child=2 5 11 4 -3 7 -7 -2 9 -4 -10 13 -13 -1 -5
right_child=1 3 8 14 -6 6 -8 -9 10 -11 -12 12 -14 -15 -16
leaf_value=-0.019447591763015682 0.0094218508770669319 0.13205108958996714 -0.017757949945864309 0.0361541968326567 0.04902408189797923 -0.011143701872387425 0.019510772582770942 0.039042227544454633 -0.036878490956445104 -0.0045660180004474527 0.0058793260313705171 -0.01969183084142322 -0.031011222555592122 -0.042063184920774085 0.064739931830447559
leaf_weight=184 664 474 4040 255 219 1022 2510 2027 113 1840 1777 1151 2008 1270 113
leaf_count=184 664 474 4040 255 219 1022 2510 2027 113 1840 1777 1151 2008 1270 113
internal_value=-0.000137033 0.0292869 -0.017445 0.0846969 0.105813 0.0198397 0.0106408 0.0319135 -0.00953495 -0.0136678 0.00332291 -0.0307684 -0.0268021 -0.0389335 0.0449319
internal_weight=19667 7284 12383 1061 693 6223 3532 2691 7770 5880 1890 4613 3159 1454 368
internal_count=19667 7284 12383 1061 693 6223 3532 2691 7770 5880 1890 4613 3159 1454 368
cat_boundaries=0 1 2 3
cat_threshold=680 621 4132
is_linear=0
shrinkage=0.0641065


Tree=23
num_leaves=16
num_cat=3
split_feature=9 9 9 6 6 0 47 51 0 6 53 16 0 6 6
split_gain=2146.45 844.536 287.384 207.909 159.011 119.365 100.016 82.4058 64.0271 49.927 48.8428 37.6253 36.5889 25.7696 15.2139
threshold=24.212922096252445 27.742073059082035 22.404973030090336 9.5000000000000018 14.500000000000002 0 28.950631141662601 23.359149932892581 1 10.500000000000002 0.47984583717270979 -2.7854814999999995 2 17.500000000000004 10.500000000000002
decision_type=2 2 2 2 2 9 2 2 9 2 2 2 9 2 2
left_child=2 4 12 11 5 -2 -5 9 -9 -4 -6 -3 14 -14 -1
right_child=1 3 7 6 10 -7 -8 8 -10 -11 -12 -13 13 -15 -16
leaf_value=-0.020863946317922315 0.012330121876117558 0.13816097877456587 -0.0015933676219057587 0.031163997792002629 -0.024181546418582115 0.031543869926114014 0.08145426439297436 -0.0090835476733326214 0.007756920341088264 -0.019246606687317504 0.0070567578703130017 0.09278836838207026 -0.02138933261461598 -0.034627710717401644 -0.039802820780889522
leaf_weight=201 2518 224 853 271 384 2918 406 2126 1631 2886 443 113 2560 791 1313
leaf_count=201 2518 224 853 271 384 2918 406 2126 1631 2886 443 113 2560 791 1313
internal_value=-9.46997e-05 0.0275279 -0.0163563 0.0818038 0.0187404 0.0227246 0.0613233 -0.00848162 -0.00177624 -0.0152193 -0.00744809 0.122947 -0.0284896 -0.0244413 -0.0370438
internal_weight=19638 7277 12361 1014 6263 5436 677 7496 3757 3739 827 337 4865 3351 1514
internal_count=19638 7277 12361 1014 6263 5436 677 7496 3757 3739 827 337 4865 3351 1514
cat_boundaries=0 1 2 3
cat_threshold=651 717 4132
is_linear=0
shrinkage=0.0641065


Tree=24
num_leaves=15
num_cat=2
split_feature=9 9 9 6 6 0 6 0 9 42 55 47 7 8
split_gain=1835.05 599.36 445.391 118.268 157.965 107.312 103.125 96.1934 95.7642 44.058 36.6915 30.9835 25.3642 15.3476
threshold=25.668535232543949 23.32857704100098 30.152811050415043 10.500000000000002 12.500000000000002 0 14.500000000000002 1 22.207475662231449 33.151081085205085 0.58751046157825759 32.376735689584969 17.500000000000004 1.5000000000000002
decision_type=2 2 2 2 2 9 2 9 2 2 2 2 2 2
left_child=1 8 6 5 -5 -3 7 -2 12 11 -10 -4 -1 -8
right_child=2 3 9 4 -6 -7 13 -9 10 -11 -12 -13 -14 -15
leaf_value=-0.020048839921820185 0.051616995304477449 0.0032228706057875929 0.10671649796453955 -0.015065875883586774 0.0079562075323291234 0.030533578724403786 -0.016844146915618342 0.025952990913008497 -0.017306318034423 0.13131356117483242 -0.0036300539101907225 0.06588371010201674 -0.031431506592901969 0.011856639986608557
leaf_weight=1150 1182 1275 171 2037 3072 1109 140 1390 3964 145 1012 138 2678 169
leaf_count=1150 1182 1275 171 2037 3072 1109 140 1390 3964 145 1012 138 2678 169
internal_value=-0.000181167 -0.00904736 0.0431449 0.00427876 -0.00122289 0.016069 0.0338449 0.0380489 -0.0203891 0.102161 -0.0145249 0.0884805 -0.0280119 -0.00114695
internal_weight=19632 16297 3335 7493 5109 2384 2881 2572 8804 454 4976 309 3828 309
internal_count=19632 16297 3335 7493 5109 2384 2881 2572 8804 454 4976 309 3828 309
cat_boundaries=0 1 2
cat_threshold=684 7184
is_linear=0
shrinkage=0.0641065


Tree=25
num_leaves=15
num_cat=3
split_feature=48 48 9 6 0 0 6 54 6 6 39 0 7 6
split_gain=1662.81 450.529 447.963 131.801 128.167 87.0382 84.3511 69.9258 67.6353 65.9724 36.5686 25.8224 22.1883 20.479
threshold=25.258032035827643 29.02170562744141 23.007195472717289 9.5000000000000018 0 1 12.500000000000002 0.71842493086123682 9.5000000000000018 15.500000000000002 23.911587715148929 2 38.500000000000007 10.500000000000002
decision_type=2 2 2 2 9 9 2 2 2 2 2 9 2 2
left_child=2 5 9 4 -4 -2 -5 -7 12 10 -1 -11 -3 -10
right_child=1 8 3 6 -6 7 -8 -9 13 11 -12 -13 -14 -15
leaf_value=-0.018709152653793668 -0.027048644875328192 0.1338131683433115 0.0011176844395252626 -0.010379752230744823 0.042335938150135165 0.023939935184766729 0.0039846128684527726 0.04582897909328975 0.080703229591946507 -0.040365857882633659 0.005334524622556909 -0.024464883546408311 0.094464565724472455 0.049539284165503045
leaf_weight=5074 114 113 698 3225 556 2713 3507 770 242 803 274 1255 123 135
leaf_count=5074 114 113 698 3225 556 2713 3507 770 242 803 274 1255 123 135
internal_value=-0.00010917 0.0355918 -0.00987405 0.000657751 0.0197396 0.0269345 -0.00289671 0.0286966 0.0863916 -0.0212306 -0.0174773 -0.0309842 0.113305 0.0695437
internal_weight=19602 4210 15392 7986 1254 3597 6732 3483 613 7406 5348 2058 236 377
internal_count=19602 4210 15392 7986 1254 3597 6732 3483 613 7406 5348 2058 236 377
cat_boundaries=0 1 2 3
cat_threshold=556 640 548
is_linear=0
shrinkage=0.0641065


Tree=26
num_leaves=16
num_cat=1
split_feature=50 19 51 3 6 6 6 6 6 8 6 32 55 36 0
split_gain=1475.11 585.201 181.68 147.828 146.005 165.088 123.076 66.5838 86.3946 55.6907 52.0599 35.8559 34.7927 31.1145 27.4835
threshold=24.249798488643922 27.214878082658696 22.903654829695153 0.27658100000000008 14.500000000000002 12.500000000000002 10.500000000000002 9.5000000000000018 11.500000000000002 2.5000000000000004 15.500000000000002 21.484663963317875 0.59273865111597024 27.505786895751957 0
decision_type=2 2 2 2 2 2 2 2 2 2 2 2 2 2 9
left_child=2 4 10 6 5 -2 -3 9 -9 -4 11 -1 -6 -5 -12
right_child=1 3 7 13 12 -7 -8 8 -10 -11 14 -13 -14 -15 -16
leaf_value=-0.029762799327892168 0.012851800204992573 0.092810513375380738 -0.00015595872260787668 0.041439087676781186 -0.025352070328493421 0.040258662913452689 0.039008549667540582 -0.021161616344282406 -0.0021553206560431535 0.040056038180208101 -0.039247378199449373 -0.01456682814276462 0.00065485351836629775 0.00051867823613386155 -0.022531670167356434
leaf_weight=759 4093 622 368 240 335 1159 243 1351 3607 230 763 4007 573 112 1162
leaf_count=759 4093 622 368 240 335 1159 243 1351 3607 230 763 4007 573 112 1162
internal_value=0.000175424 0.0228216 -0.0134656 0.0634435 0.0147962 0.0188999 0.0776962 -0.00489706 -0.00733433 0.0153102 -0.0205806 -0.0169868 -0.00894021 0.028419 -0.0294781
internal_weight=19624 7377 12247 1217 6160 5252 865 5556 4958 598 6691 4766 908 352 1925
internal_count=19624 7377 12247 1217 6160 5252 865 5556 4958 598 6691 4766 908 352 1925
cat_boundaries=0 1
cat_threshold=548
is_linear=0
shrinkage=0.0641065


Tree=27
num_leaves=15
num_cat=2
split_feature=9 9 9 6 5 6 0 55 7 0 46 6 6 47
split_gain=1306.37 413.533 271.344 131.359 252.43 81.9139 68.5992 64.4545 48.1851 47.437 34.7984 30.378 28.6835 25.0568
threshold=24.846123695373539 30.152811050415043 22.749819755554203 10.500000000000002 0.22337950000000004 15.500000000000002 0 0.74443822970955276 42.500000000000007 1 33.213405609130866 10.500000000000002 15.500000000000002 32.376735689584969
decision_type=2 2 2 2 2 2 9 2 2 9 2 2 2 2
left_child=2 3 9 4 -2 6 -4 -5 -7 11 13 -1 -11 -3
right_child=1 10 5 7 -6 8 -8 -9 -10 12 -12 -13 -14 -15
leaf_value=-0.0076395475632193592 0.10343520754626891 0.088531894926934335 -0.0052648359171520304 0.0040150906447182924 0.026177864120520301 -0.015503986222644334 0.0075087991577839136 0.025129237512844706 -0.061072968010730366 -0.013182793284677724 0.10965669563144172 -0.032870554786406291 -0.023912830670114838 0.052217409030533103
leaf_weight=227 189 175 4479 1681 2162 374 2799 919 128 3292 152 1441 1486 141
leaf_count=227 189 175 4479 1681 2162 374 2799 919 128 3292 152 1441 1486 141
internal_value=6.73028e-05 0.0268523 -0.0101357 0.0214076 0.0323887 -0.00207679 -0.000349221 0.0114781 -0.0271232 -0.0198624 0.084452 -0.0292614 -0.0164854 0.0723283
internal_weight=19645 5419 14226 4951 2351 7780 7278 2600 502 6446 468 1668 4778 316
internal_count=19645 5419 14226 4951 2351 7780 7278 2600 502 6446 468 1668 4778 316
cat_boundaries=0 1 2
cat_threshold=621 4132
is_linear=0
shrinkage=0.0641065


Tree=28
num_leaves=16
num_cat=0
split_feature=48 9 24 6 6 6 3 2 48 55 53 55 7 10 51
split_gain=1139.57 321.702 288.2 115.601 149.381 68.0528 208.431 68.0465 57.6568 50.0914 43.4255 31.0866 30.4497 13.1667 9.31827
threshold=25.366928100585941 23.159254074096683 29.791568756103519 10.500000000000002 11.500000000000002 10.500000000000002 0.22337950000000004 6.5827470000000003 22.290344619750979 0.74443822970955276 0.18738381509510676 0.58182731748096395 21.500000000000004 1.5000000000000002 32.97543811790333
decision_type=2 2 2 2 2 2 2 2 2 2 2 2 2 2 2
left_child=1 8 5 7 -5 6 -2 -3 12 -7 14 -10 -1 -12 -4
right_child=2 3 10 4 -6 9 -8 -9 11 -11 13 -13 -14 -15 -16
leaf_value=-0.014750416107794272 0.10068533454276589 0.030423254683493071 0.081681300545915381 -0.022826357628103477 0.0024220991568690764 0.0054872085050469942 0.025643362172919036 0.0064177914676093366 -0.014197118035293617 0.027619978732812241 0.04184118917893135 -0.00057924711708099688 -0.026070226511133349 0.069672210741205845 0.1064352577495508
leaf_weight=1552 169 700 124 1253 4161 976 1522 1582 2916 738 124 902 2634 160 126
leaf_count=1552 169 700 124 1253 4161 976 1522 1582 2916 738 124 902 2634 160 126
internal_value=5.61398e-05 -0.00767877 0.0308858 0.00167959 -0.00342133 0.0240188 0.0331431 0.0137814 -0.016677 0.015017 0.0746726 -0.0109799 -0.0218733 0.0575206 0.0941573
internal_weight=19639 15700 3939 7696 5414 3405 1691 2282 8004 1714 534 3818 4186 284 250
internal_count=19639 15700 3939 7696 5414 3405 1691 2282 8004 1714 534 3818 4186 284 250
is_linear=0
shrinkage=0.0641065


Tree=29
num_leaves=16
num_cat=1
split_feature=50 9 6 18 6 6 6 6 0 3 47 18 7 7 55
split_gain=1008.92 389.023 145.545 130.45 95.6948 70.2783 61.3467 129.708 40.1094 40.0625 32.7653 25.394 23.4795 18.437 4.60286
threshold=24.297857808992191 28.863331794497075 14.500000000000002 22.357896804809574 12.500000000000002 9.5000000000000018 10.500000000000002 11.500000000000002 0 2.8888675000000004 28.950631141662601 21.3485860824585 21.500000000000004 40.500000000000007 0.58182731748096395
decision_type=2 2 2 2 2 2 2 2 9 2 2 2 2 2 2
left_child=3 2 4 11 -2 13 8 -8 -5 -4 -7 14 -13 -3 -1
right_child=1 5 9 6 -6 10 7 -9 -10 -11 -12 12 -14 -15 -16
leaf_value=-0.028253295273418827 0.01366821918096482 0.10903082260811403 -0.0044415264613724839 0.031190052531271256 0.03417795637418982 0.021241153842135346 -0.032461416167727707 -0.0053939574159987402 0.00088769143341436659 -0.04383821514888394 0.060436513811985983 -0.010773644948618259 -0.021294617339218867 0.073792904937223069 -0.041797242352774253
leaf_weight=638 4444 130 771 193 1184 121 847 5160 1573 123 318 1339 2498 115 123
leaf_count=638 4444 130 771 193 1184 121 847 5160 1573 123 318 1339 2498 115 123
internal_value=-7.84817e-05 0.0189899 0.0141662 -0.0111856 0.017983 0.0649842 -0.00612258 -0.00921053 0.00438097 -0.00986188 0.0496332 -0.0197448 -0.0176231 0.0924906 -0.0304424
internal_weight=19577 7206 6522 12371 5628 684 7773 6007 1766 894 439 4598 3837 245 761
internal_count=19577 7206 6522 12371 5628 684 7773 6007 1766 894 439 4598 3837 245 761
cat_boundaries=0 1
cat_threshold=130
is_linear=0
shrinkage=0.0641065


Tree=30
num_leaves=15
num_cat=0
split_feature=9 51 5 6 2 6 6 30 6 6 6 7 18 6
split_gain=918.048 304.969 182.529 155.88 92.821 73.6698 82.2232 66.6059 60.147 79.0851 42.1368 35.1327 31.5397 22.4648
threshold=25.668535232543949 23.373696835809739 0.27658100000000008 10.500000000000002 2.7039940000000002 15.500000000000002 12.500000000000002 24.012032508850101 10.500000000000002 11.500000000000002 14.500000000000002 32.500000000000007 23.160870552062992 12.500000000000002
decision_type=2 2 2 2 2 2 2 2 2 2 2 2 2 2
left_child=1 8 3 4 -2 6 -3 -4 12 -10 -9 -7 -1 -5
right_child=2 5 7 13 -6 11 -8 10 9 -11 -12 -13 -14 -15
leaf_value=-0.0082250978076482198 0.085058229659150941 -0.00055352175610942286 -0.028567200124133506 0.016406522005976511 0.028305103946848358 -0.011779128074752714 0.013637020326990644 0.025461305791033461 -0.03933036539872365 -0.014902021418143622 -0.0030656770137553867 -0.054787565910733721 0.012770987619970997 0.043142366372734921
leaf_weight=1288 502 4590 113 368 155 263 2645 1763 595 6435 242 111 381 199
leaf_count=1288 502 4590 113 368 155 263 2645 1763 595 6435 242 111 381 199
internal_value=9.94106e-05 -0.00617331 0.0307085 0.0504162 0.071669 0.00320015 0.00463431 0.0193193 -0.0143723 -0.0169696 0.0220181 -0.0245437 -0.0034321 0.02579
internal_weight=19650 16308 3342 1224 657 7609 7235 2118 8699 7030 2005 374 1669 567
internal_count=19650 16308 3342 1224 657 7609 7235 2118 8699 7030 2005 374 1669 567
is_linear=0
shrinkage=0.0641065


Tree=31
num_leaves=16
num_cat=1
split_feature=9 51 9 6 6 0 6 6 6 6 3 53 6 17 56
split_gain=804.886 276.108 156.029 87.1327 145.312 73.3207 61.7682 54.8625 76.0075 41.6019 78.494 48.1105 26.315 20.7143 15.1109
threshold=25.741160392761234 23.387689622301028 28.863331794497075 10.500000000000002 11.500000000000002 0 9.5000000000000018 10.500000000000002 11.500000000000002 10.500000000000002 0.22337950000000004 0.57461832775991184 8.5000000000000018 -0.94432099999999985 -0.0072307586669921866
decision_type=2 2 2 2 2 9 2 2 2 2 2 2 2 2 2
left_child=1 7 9 5 -5 -3 14 12 -9 10 -2 -11 -1 -8 -4
right_child=2 3 6 4 -6 -7 13 8 -10 11 -12 -13 -14 -15 -16
leaf_value=-0.014950709167578102 0.079541216691230987 0.0024695403020157138 0.065245846505247729 -0.017936614785496231 0.0053992327568685005 0.025384302474808534 0.050624349193017074 -0.037442185617839609 -0.013883620002782204 0.0022920029069500693 0.025057772221403065 0.028262735604376955 0.0025640567788908909 0.018902456659114136 0.097338202293167295
leaf_weight=513 120 1200 111 1540 3809 1107 328 616 6518 677 1151 517 1127 114 132
leaf_count=513 120 1200 111 1540 3809 1107 328 616 6518 677 1151 517 1127 114 132
internal_value=-3.32775e-05 -0.00572442 0.029651 0.00317211 -0.00131926 0.0135858 0.0567162 -0.0134873 -0.0159178 0.0221298 0.0302018 0.0135373 -0.00291465 0.0424427 0.0826787
internal_weight=19580 16430 3150 7656 5349 2307 685 8774 7134 2465 1271 1194 1640 442 243
internal_count=19580 16430 3150 7656 5349 2307 685 8774 7134 2465 1271 1194 1640 442 243
cat_boundaries=0 1
cat_threshold=684
is_linear=0
shrinkage=0.0641065


Tree=32
num_leaves=15
num_cat=3
split_feature=48 25 49 6 0 6 0 55 6 53 32 55 17 0
split_gain=718.247 185.873 173.796 68.4547 77.4034 77.0908 59.9305 83.8347 57.2377 39.0359 35.7431 34.436 26.5873 15.3778
threshold=25.234302711441408 28.979751586914066 23.411506748058841 9.5000000000000018 0 12.500000000000002 1 0.74443822970955276 15.500000000000002 0.12406964567286692 21.484663963317875 0.89462033541693375 -0.98084099999999996 2
decision_type=2 2 2 2 9 2 9 2 2 2 2 2 2 9
left_child=2 6 8 4 -4 -5 11 -8 10 -3 -1 -2 -11 -10
right_child=1 9 3 5 -6 -7 7 -9 13 12 -12 -13 -14 -15
leaf_value=-0.022662657295535838 0.0054292770633457017 0.079740151790420558 -0.00028402222475995559 -0.0092368061603638769 0.035407388748074496 0.0063057326545282568 0.014265609831193061 0.038359099086520528 -0.012176430773931072 0.052577696454868907 -0.0079190526960005968 -0.034821454171014878 0.017120904213725991 -0.024748025132540569
leaf_weight=760 410 176 531 2633 469 2613 2267 804 628 388 6096 111 112 1603
leaf_count=760 410 176 531 2633 469 2613 2267 804 628 388 6096 111 112 1603
internal_value=-0.000322882 0.0229367 -0.00679726 0.00143497 0.0168065 -0.00149516 0.017133 0.0205066 -0.0124557 0.0537751 -0.00955341 -0.00308697 0.0446354 -0.0213748
internal_weight=19601 4268 15333 6246 1000 5246 3592 3071 9087 676 6856 521 500 2231
internal_count=19601 4268 15333 6246 1000 5246 3592 3071 9087 676 6856 521 500 2231
cat_boundaries=0 1 2 3
cat_threshold=556 641 9
is_linear=0
shrinkage=0.0641065


Tree=33
num_leaves=14
num_cat=1
split_feature=48 51 18 6 3 0 6 7 31 42 47 6 7
split_gain=635.145 187.541 136.579 77.0676 69.6237 64.6416 39.2702 38.4424 28.6003 25.987 24.8037 20.6015 14.4487
threshold=25.366928100585941 22.882647641611573 29.633186340332035 15.500000000000002 2.8888675000000004 0 14.500000000000002 41.500000000000007 21.459689140319828 33.151081085205085 32.376735689584969 15.500000000000002 23.500000000000004
decision_type=2 2 2 2 2 9 2 2 2 2 2 2 2
left_child=1 8 4 5 6 -3 -2 -5 12 10 -4 -10 -1
right_child=2 3 9 7 -6 -7 -8 -9 11 -11 -12 -13 -14
leaf_value=-0.014392593593864144 0.022468650583518976 0.03330126852828303 0.05674252960160147 -0.013071609594872623 -0.031411625646176243 0.00088840906084628173 0.0004682302876449739 -0.051816308280772327 -0.0095276254572403095 0.075971110355137123 0.023069031146758602 -0.018333390622754599 -0.028906905166103166
leaf_weight=477 2945 251 245 454 112 8169 376 137 4020 148 142 1499 689
leaf_count=477 2945 251 245 454 112 8169 376 137 4020 148 142 1499 689
internal_value=8.18363e-05 -0.00571103 0.0229964 0.000324557 0.0183012 0.00189524 0.0199778 -0.022053 -0.0138467 0.0531242 0.0443869 -0.0119193 -0.0229692
internal_weight=19664 15696 3968 9011 3433 8420 3321 591 6685 535 387 5519 1166
internal_count=19664 15696 3968 9011 3433 8420 3321 591 6685 535 387 5519 1166
cat_boundaries=0 1
cat_threshold=16
is_linear=0
shrinkage=0.0641065


Tree=34
num_leaves=15
num_cat=2
split_feature=48 9 6 6 0 8 6 6 39 55 53 55 54 0
split_gain=540.252 210.26 92.7861 92.5823 88.9403 78.3507 70.8482 101.6 63.9573 58.994 53.2225 33.7627 29.9658 27.0397
threshold=24.054725074768069 27.365486145019535 14.500000000000002 12.500000000000002 0 1.5000000000000002 10.500000000000002 11.500000000000002 26.36218357086182 0.6138218269261827 0.74485076303599385 0.49915262595351328 0.53774404838070722 1
decision_type=2 2 2 2 9 2 2 2 2 2 2 2 2 9
left_child=5 2 3 -2 -3 9 11 -8 -6 12 -11 -7 -1 -4
right_child=1 4 13 -5 8 6 7 -9 -10 10 -12 -13 -14 -15
leaf_value=-0.002240360930996946 0.0070774596798066584 -0.0099781294713707034 -0.024538133997757745 0.025537396797642595 0.088739497803770384 -0.0056210572988827012 -0.034762564389120322 -0.011442508195763933 0.039370367730502884 0.033010928006891462 -0.006271360243160511 0.013892958828403744 -0.035932552724737749 -0.0017991539981705126
leaf_weight=1915 4376 140 323 1499 123 1240 872 6424 875 386 224 516 115 626
leaf_count=1915 4376 140 323 1499 123 1240 872 6424 875 386 224 516 115 626
internal_value=0.000157591 0.0130373 0.00878313 0.0117875 0.0385477 -0.00861325 -0.0114473 -0.0142297 0.045004 0.00110413 0.018586 0.00011313 -0.00414903 -0.00981608
internal_weight=19654 7962 6824 5875 1138 11692 9052 7296 998 2640 610 1756 2030 949
internal_count=19654 7962 6824 5875 1138 11692 9052 7296 998 2640 610 1756 2030 949
cat_boundaries=0 1 2
cat_threshold=736 4617
is_linear=0
shrinkage=0.0641065


Tree=35
num_leaves=14
num_cat=1
split_feature=9 51 20 0 13 6 33 6 38 54 47 45 16
split_gain=462.578 164.244 109.31 73.9504 75.8586 59.0107 56.501 60.5618 40.8413 27.8354 25.6196 12.3678 15.9219
threshold=25.784105300903324 23.359149932892581 30.875319480896 0 1.5000000000000002 10.500000000000002 23.945541381835941 10.500000000000002 21.974716188710939 0.9400054660334477 24.005422592163089 33.201393127441413 -3.6549520000000002
decision_type=2 2 2 9 2 2 2 2 2 2 2 2 2
left_child=1 8 6 4 -3 -5 -2 -8 9 -1 -10 12 -4
right_child=2 3 11 5 -6 -7 7 -9 10 -11 -12 -13 -14
leaf_value=-0.015383903340922508 -0.025932461727322061 0.010301891281740449 0.028217156989836546 0.0087898394065326693 0.056028863118671682 -0.0043745727118360226 0.029163135233822975 0.0095021100153782571 -0.008109859557713775 -0.047557836907254465 0.016939588899956896 0.068791306553195569 0.061530156260228813
leaf_weight=2829 115 1079 115 1997 173 4676 1380 1207 5577 115 173 151 121
leaf_count=2829 115 1079 115 1997 173 4676 1380 1207 5577 115 173 151 121
internal_value=-0.000181259 -0.00441554 0.0225994 0.0022595 0.0164887 -0.000434265 0.0180355 0.01999 -0.0105002 -0.0166407 -0.0073562 0.0544641 0.0452971
internal_weight=19708 16619 3089 7925 1252 6673 2702 2587 8694 2944 5750 387 236
internal_count=19708 16619 3089 7925 1252 6673 2702 2587 8694 2944 5750 387 236
cat_boundaries=0 1
cat_threshold=2064
is_linear=0
shrinkage=0.0641065


Tree=36
num_leaves=16
num_cat=1
split_feature=18 20 8 6 6 6 6 6 55 53 56 47 58 0 54
split_gain=434.76 187.494 72.6551 69.0539 66.6649 60.5421 95.5105 57.2363 52.8979 39.4875 36.799 33.7513 30.3434 29.7009 23.1937
threshold=24.099570274353031 27.22971343994141 1.5000000000000002 14.500000000000002 12.500000000000002 10.500000000000002 11.500000000000002 9.5000000000000018 0.60862394165075906 0.44680506274316462 -0.06319332122802733 31.727432253007816 20.500000000000004 0 0.5598644497690396
decision_type=2 2 2 2 2 2 2 2 2 2 2 2 2 9 2
left_child=2 3 8 4 -2 12 -7 10 14 -10 -3 -9 -4 -5 -1
right_child=1 7 5 13 -6 6 -8 11 9 -11 -12 -13 -14 -15 -16
leaf_value=-0.0019377996122951194 0.0062897946398428285 0.02579312431624408 -0.0022999196763621322 -0.034158467462061665 0.022386004677507343 -0.032482955281250468 -0.010122098932524822 0.018617506468603048 0.036027493762211565 0.0047616604763517376 0.06893364126726477 0.049241146309679469 0.027617767414950804 -0.0033361103421687714 -0.031923886320536908
leaf_weight=1981 4150 117 1670 148 1419 895 6388 633 270 431 266 193 152 728 112
leaf_count=1981 4150 117 1670 148 1419 895 6388 633 270 431 266 193 152 728 112
internal_value=0.00018627 0.012105 -0.00748044 0.00775939 0.0103912 -0.0102554 -0.01287 0.0352709 0.00156243 0.0168041 0.0557549 0.0257729 0.000195958 -0.00897156 -0.00354241
internal_weight=19553 7654 11899 6445 5569 9105 7283 1209 2794 701 383 826 1822 876 2093
internal_count=19553 7654 11899 6445 5569 9105 7283 1209 2794 701 383 826 1822 876 2093
cat_boundaries=0 1
cat_threshold=521
is_linear=0
shrinkage=0.0641065


Tree=37
num_leaves=14
num_cat=0
split_feature=48 6 3 55 51 53 6 47 50 47 7 50 48
split_gain=418.145 135.418 92.0401 111.239 90.4852 68.4141 57.4888 32.132 32.1094 28.139 22.2418 34.3226 14.7597
threshold=25.641321372985846 15.500000000000002 0.27658100000000008 1.0063287945811139 23.359149932892581 0.12605967216766986 12.500000000000002 24.137345314025882 27.948509645356207 24.005422592163089 42.500000000000007 22.563429355843631 21.657744407653812
decision_type=2 2 2 2 2 2 2 2 2 2 2 2 2
left_child=1 4 3 5 9 -2 -6 -4 -9 -1 12 -12 -3
right_child=2 10 7 -5 6 -7 -8 8 -10 -11 11 -13 -14
leaf_value=-0.0075821867940161622 0.057899916892670517 -0.023933458771471589 -0.020131193410089544 0.07788538188505599 -0.00092579236162353433 0.017659257196050097 0.010835137589685436 0.016728283147957122 -0.018764755848726004 0.01931239244404288 -0.019025740694467604 -0.052869295752817742 -0.010830352652755953
leaf_weight=6357 221 469 115 206 4549 810 2735 1860 111 164 469 167 1432
leaf_count=6357 221 469 115 206 4549 810 2735 1860 111 164 469 167 1432
internal_value=0.000293147 -0.00392217 0.0210234 0.0348782 -0.0014205 0.026285 0.00349021 0.0128076 0.0147294 -0.0069058 -0.0175349 -0.0279123 -0.014063
internal_weight=19665 16342 3323 1237 13805 1031 7284 2086 1971 6521 2537 636 1901
internal_count=19665 16342 3323 1237 13805 1031 7284 2086 1971 6521 2537 636 1901
is_linear=0
shrinkage=0.0641065


Tree=38
num_leaves=15
num_cat=1
split_feature=50 51 6 2 35 6 8 6 17 55 55 54 0 15
split_gain=341.548 128.644 88.7421 128.732 93.3052 73.5071 80.0304 77.5245 55.7038 74.2935 31.3082 25.9854 28.6153 14.578
threshold=25.849994421113895 22.903654829695153 10.500000000000002 0.9565760000000002 31.303453445434574 9.5000000000000018 2.5000000000000004 12.500000000000002 0.79491950000000011 1.4418979714484128 0.35166555927024729 0.82623792237048466 0 1.5893133959466419
decision_type=2 2 2 2 2 2 2 2 2 2 2 2 9 2
left_child=1 11 3 4 -2 6 -3 -7 9 -4 -5 12 -1 -13
right_child=2 5 8 10 -6 7 -8 -9 -10 -11 -12 13 -14 -15
leaf_value=-0.023187710169267271 0.10128961715664091 0.0058225176187427343 0.0058233778257826847 0.0069348162260666315 0.03974601509805422 -0.0074211784874518337 0.040003543617179955 0.0048466699736104991 -0.035860679974812015 0.058575465346968822 0.027770030693700178 -0.044814575237277526 -0.0081287238248600423 -0.014105751760993745
leaf_weight=568 141 1167 1016 540 359 4152 371 4319 112 123 657 135 5900 120
leaf_count=568 141 1167 1016 540 359 4152 371 4319 112 123 657 135 5900 120
internal_value=0.000112583 -0.00343233 0.0202325 0.0297822 0.0571013 0.00117457 0.0140677 -0.00116633 0.00727813 0.01152 0.0183707 -0.0102909 -0.00949958 -0.0303634
internal_weight=19680 16732 2948 1697 500 10009 1538 8471 1251 1139 1197 6723 6468 255
internal_count=19680 16732 2948 1697 500 10009 1538 8471 1251 1139 1197 6723 6468 255
cat_boundaries=0 1
cat_threshold=4
is_linear=0
shrinkage=0.0641065


Tree=39
num_leaves=16
num_cat=0
split_feature=50 9 6 6 6 30 55 6 8 54 55 17 8 52 7
split_gain=313.418 124.737 70.4334 104.671 61.4294 35.6392 41.7493 34.2597 31.2132 27.0912 25.2238 20.8316 12.7973 14.3132 8.45087
threshold=24.249798488643922 27.742073059082035 14.500000000000002 12.500000000000002 15.500000000000002 22.072503089904789 0.33321172614404237 9.5000000000000018 1.5000000000000002 0.76812327135387093 0.33321172614404237 -0.79622599999999999 3.5000000000000004 0.51367831942495334 26.500000000000004
decision_type=2 2 2 2 2 2 2 2 2 2 2 2 2 2 2
left_child=4 2 3 -2 5 9 -7 10 -4 -1 -3 -9 13 -6 -14
right_child=1 7 8 -5 12 6 -8 11 -10 -11 -12 -13 14 -15 -16
leaf_value=-0.0096175799173659222 0.0050851000080656397 0.035597683938800161 -0.024671729536036836 0.026751311680895836 -0.015089393155551998 -0.007535045829224484 0.0019653018451228988 0.02900574089479379 -0.00029845256374717838 -0.038216097688522611 0.07311682415106234 0.0012244283609976964 -0.019193273314595905 0.0082177184657881621 -0.038954400481464369
leaf_weight=2013 4227 215 344 1170 1854 3406 4302 520 580 146 112 141 238 115 142
leaf_count=2013 4227 215 344 1170 1854 3406 4302 520 580 146 112 141 238 115 142
internal_value=-0.000207314 0.010293 0.00698206 0.00978206 -0.00648982 -0.00427175 -0.0022327 0.0314759 -0.00937249 -0.0115515 0.0484483 0.0230796 -0.0158068 -0.0137281 -0.0265777
internal_weight=19525 7309 6321 5397 12216 9867 7708 988 924 2159 327 661 2349 1969 380
internal_count=19525 7309 6321 5397 12216 9867 7708 988 924 2159 327 661 2349 1969 380
is_linear=0
shrinkage=0.0641065


Tree=40
num_leaves=15
num_cat=4
split_feature=29 6 2 0 54 8 6 0 50 45 7 19 0 0
split_gain=260.969 147.816 140.579 82.5208 78.7112 62.6479 61.9777 52.0392 43.0432 33.7561 32.692 27.3032 24.2337 17.7277
threshold=24.23887920379639 10.500000000000002 0.9565760000000002 0 0.53774404838070722 1.5000000000000002 12.500000000000002 1 24.135739183425908 24.325133323669437 49.500000000000007 23.763529777526859 2 3
decision_type=2 2 2 9 2 2 2 9 2 2 2 2 9 9
left_child=5 2 4 -3 -2 9 -5 8 -7 13 -4 -9 -11 -1
right_child=1 3 10 6 -6 7 -8 11 -10 12 -12 -13 -14 -15
leaf_value=-0.0045590234654405383 0.037324649335064027 0.049352545324940753 0.017760870123251993 -0.0090250754305483908 0.098139607104450396 -0.012894118057089333 0.0071013021146830481 -0.006147637710087168 -0.04609406321800625 0.038319362613559865 0.00081727564478035206 0.0071071512610416986 0.0067903638916613175 0.0064797801091315945
leaf_weight=1546 387 133 2206 1794 113 3185 2157 5309 169 156 594 726 291 961
leaf_count=1546 387 133 2206 1794 113 3185 2157 5309 169 156 594 726 291 961
internal_value=0.000134413 0.00966743 0.0197577 0.00151419 0.0510688 -0.00556856 -0.000220519 -0.00813033 -0.0145237 0.00257378 0.0141664 -0.00454558 0.0188029 -0.000319894
internal_weight=19727 7384 3300 4084 500 12343 3951 9389 3354 2954 2800 6035 447 2507
internal_count=19727 7384 3300 4084 500 12343 3951 9389 3354 2954 2800 6035 447 2507
cat_boundaries=0 1 2 3 4
cat_threshold=16 548 2608 4812
is_linear=0
shrinkage=0.0641065


Tree=41
num_leaves=15
num_cat=1
split_feature=18 0 6 6 6 6 8 55 6 6 55 52 8 6
split_gain=253.01 76.1929 67.6304 119.139 90.7305 65.1442 97.4113 54.7077 53.9737 34.8678 24.6081 29.2629 20.8514 14.891
threshold=24.826168060302734 0 10.500000000000002 11.500000000000002 14.500000000000002 10.500000000000002 2.5000000000000004 1.5349626857018144 12.500000000000002 8.5000000000000018 0.25221271240184323 0.83077831060715279 1.5000000000000002 8.5000000000000018
decision_type=2 9 2 2 2 2 2 2 2 2 2 2 2 2
left_child=2 5 10 12 -5 6 -2 9 -7 -3 13 -12 -4 -1
right_child=1 7 3 4 -6 8 -8 -9 -10 -11 11 -13 -14 -15
leaf_value=-0.020909808196050518 0.020398605360350371 0.033182639434352658 -0.012500147366099291 0.0014189862581756275 -0.011233531875863602 -0.0045894071167255513 0.063561979628251594 -0.037970509076454328 0.022311348722002175 0.004727802192977552 0.010555721446509419 -0.016435419356176297 -0.027768836669616416 -0.00065500599145202948
leaf_weight=179 855 189 545 5209 4213 565 287 118 670 2782 1775 182 1129 895
leaf_count=179 855 189 545 5209 4213 565 287 118 670 2782 1775 182 1129 895
internal_value=-0.000188867 0.0115226 -0.00472024 -0.00703848 -0.00423852 0.0201251 0.0312461 0.00482212 0.0100045 0.00653796 0.00376644 0.00804556 -0.0227978 -0.00403081
internal_weight=19593 5466 14127 11096 9422 2377 1142 3089 1235 2971 3031 1957 1674 1074
internal_count=19593 5466 14127 11096 9422 2377 1142 3089 1235 2971 3031 1957 1674 1074
cat_boundaries=0 1
cat_threshold=6160
is_linear=0
shrinkage=0.0641065


Tree=42
num_leaves=13
num_cat=2
split_feature=9 47 0 0 47 54 47 55 51 8 54 7
split_gain=227.325 81.6069 63.3245 51.7353 65.7562 55.4248 38.2787 35.4343 22.7125 20.3005 20.045 18.5318
threshold=25.668535232543949 21.956358909606937 0 1 24.921773910522464 1.1872358270521344 33.221836090087898 0.59273865111597024 25.021288140692956 3.5000000000000004 0.8823872422932012 30.500000000000004
decision_type=2 2 9 9 2 2 2 2 2 2 2 2
left_child=1 10 8 4 -2 9 -6 -4 -3 -5 11 -1
right_child=3 2 7 5 6 -7 -8 -9 -10 -11 -12 -13
leaf_value=-0.0062430285405121648 0.060664877161315085 0.04293690638867375 -0.0035183660380039882 0.013902681665242103 0.015613255603902971 -0.028862406425261656 0.049542793397787659 0.0043278874686270641 0.007108976629082644 -0.0085066356241515952 -0.035655625250553567 -0.01685354403791375
leaf_weight=1326 174 180 10055 1276 1353 159 152 3093 122 191 151 1381
leaf_count=1326 174 180 10055 1276 1353 159 152 3093 122 191 151 1381
internal_value=2.06387e-05 -0.00308634 -0.000995916 0.0153515 0.0232155 0.00704519 0.01904 -0.0016713 0.0275511 0.010985 -0.0129241 -0.0116561
internal_weight=19613 16308 13450 3305 1679 1626 1505 13148 302 1467 2858 2707
internal_count=19613 16308 13450 3305 1679 1626 1505 13148 302 1467 2858 2707
cat_boundaries=0 1 2
cat_threshold=16 6160
is_linear=0
shrinkage=0.0641065


Tree=43
num_leaves=15
num_cat=0
split_feature=6 2 6 6 47 37 52 16 50 50 16 7 16 7
split_gain=202.735 147.531 94.2941 136.995 110.751 65.0945 63.0505 57.3383 49.5918 33.1498 30.0209 24.1734 17.4 8.78697
threshold=10.500000000000002 0.9565760000000002 11.500000000000002 14.500000000000002 22.028451919555668 31.340184211730961 0.8584381342081705 -3.0003239999999995 22.54800810828748 26.239841079852543 0.24904750000000012 28.500000000000004 -2.6782534999999994 9.5000000000000018
decision_type=2 2 2 2 2 2 2 2 2 2 2 2 2 2
left_child=1 5 7 4 -4 -1 8 13 -3 -9 -8 -7 -5 -2
right_child=2 6 3 12 -6 11 10 9 -10 -11 -12 -13 -14 -15
leaf_value=0.081596254123856862 0.021198371912562165 -0.004619835073750367 -0.013470771544495186 -0.018173709077655208 0.0086112939943847507 0.046793453477662401 -0.002221378607828384 -0.022396816997666418 0.011981983082866875 0.0013944875121064064 -0.039861894462571656 0.013670892907592599 -0.0079147568700561437 0.00062889199458598813
leaf_weight=135 116 904 1136 819 5234 173 194 1881 4062 276 158 190 3987 323
leaf_count=135 116 904 1136 819 5234 173 194 1881 4062 276 158 190 3987 323
internal_value=0.000189938 0.0102259 -0.00404829 -0.00149174 0.00467327 0.0435908 0.00710142 -0.0150545 0.00895982 -0.0193526 -0.0191168 0.0294566 -0.00966301 0.00606411
internal_weight=19588 5816 13772 11176 6370 498 5318 2596 4966 2157 352 363 4806 439
internal_count=19588 5816 13772 11176 6370 498 5318 2596 4966 2157 352 363 4806 439
is_linear=0
shrinkage=0.0641065


Tree=44
num_leaves=12
num_cat=2
split_feature=9 6 6 6 10 0 46 0 55 6 51
split_gain=195.154 80.6449 98.3937 98.0451 58.2078 52.3415 47.2792 41.1421 45.3202 34.6557 23.2057
threshold=26.449912073642583 10.500000000000002 11.500000000000002 14.500000000000002 3.5000000000000004 0 24.789402008056644 1 0.27477407119753444 10.500000000000002 23.961606852195072
decision_type=2 2 2 2 2 9 2 9 2 2 2
left_child=1 7 4 -4 -3 -2 -7 10 -9 -8 -1
right_child=5 2 3 -5 -6 6 9 8 -10 -11 -12
leaf_value=-0.0023530091459181258 -0.010735624928431088 -0.014658405210167884 0.0030067533053029483 -0.0093082595783972061 -0.061089745443464807 0.062735484480745451 0.026547361924808235 -0.001332633443870155 0.013247450300531566 0.0060614685621706811 -0.028272404330723335
leaf_weight=701 212 2149 6093 4711 117 115 1089 1390 2370 493 178
leaf_count=701 212 2149 6093 4711 117 115 1089 1390 2370 493 178
internal_value=-0.00023385 -0.00233313 -0.00491044 -0.00236311 -0.0170558 0.0192403 0.0229133 0.00492825 0.00783663 0.0201633 -0.00751625
internal_weight=19618 17709 13070 10804 2266 1909 1697 4639 3760 1582 879
internal_count=19618 17709 13070 10804 2266 1909 1697 4639 3760 1582 879
cat_boundaries=0 1 2
cat_threshold=544 516
is_linear=0
shrinkage=0.0641065


Tree=45
num_leaves=14
num_cat=1
split_feature=9 0 6 54 2 6 6 9 48 6 54 7 7
split_gain=175.231 88.5472 63.9924 129.389 66.713 57.9114 30.0175 28.1903 19.3658 18.505 9.11231 9.31618 8.26543
threshold=23.77419471740723 0 10.500000000000002 1.4906753302727169 0.9565760000000002 14.500000000000002 8.5000000000000018 21.761324882507328 24.537482071207034 10.500000000000002 0.65479247369548343 20.500000000000004 17.500000000000004
decision_type=2 9 2 2 2 2 2 2 2 2 2 2 2
left_child=7 5 4 -4 -3 6 -2 10 9 -9 11 -1 -7
right_child=1 2 3 -5 -6 12 -8 8 -10 -11 -12 -13 -14
leaf_value=-0.0050827366758973503 0.024948755713670931 0.039383289223629284 0.0032689284189648059 0.069352897863204824 0.013493440275893076 -0.020451118035512573 -0.0024064141765365371 0.0023890936593848264 -0.029111896140674557 -0.0049631190526101534 -0.027569135406999176 -0.014683087102020665 -0.044269371917692348
leaf_weight=661 179 510 3619 126 2066 111 2086 1757 123 7060 150 1118 130
leaf_count=661 179 510 3619 126 2066 111 2086 1757 123 7060 150 1118 130
internal_value=8.22045e-05 0.00679196 0.0108248 0.00549231 0.0186191 -0.0034098 -0.00024457 -0.00536696 -0.00385042 -0.00349801 -0.0123954 -0.011116 -0.0332991
internal_weight=19696 8827 6321 3745 2576 2506 2265 10869 8940 8817 1929 1779 241
internal_count=19696 8827 6321 3745 2576 2506 2265 10869 8940 8817 1929 1779 241
cat_boundaries=0 1
cat_threshold=649
is_linear=0
shrinkage=0.0641065


Tree=46
num_leaves=11
num_cat=1
split_feature=50 0 55 55 45 10 20 39 10 7
split_gain=158.765 74.7039 60.8246 74.9346 31.5395 29.998 29.3619 19.7423 14.6315 14.9754
threshold=24.297857808992191 0 2.0744132084195979 0.75353603006040226 21.956640243999029 5.5000000000000009 24.409380912780765 25.021863937377933 2.5000000000000004 23.500000000000004
decision_type=2 9 2 2 2 2 2 2 2 2
left_child=4 6 3 -3 8 7 -2 -6 9 -1
right_child=1 2 -4 -5 5 -7 -8 -9 -10 -11
leaf_value=-0.0051924187053579368 -0.006397571569626755 0.0059642212813770749 -0.038387675052601981 0.02226453913253483 -0.0026695805950444802 -0.03129983477041965 -0.052921446140535011 0.016591442087166373 0.0069808957920817248 -0.015131785821996643
leaf_weight=979 112 5424 111 1474 9238 148 111 224 188 1713
leaf_count=979 112 5424 111 1474 9238 148 111 224 188 1713
internal_value=-4.83305e-05 0.00751051 0.00867742 0.00944736 -0.00442508 -0.00266155 -0.0282867 -0.0022136 -0.0103096 -0.0115171
internal_weight=19722 7232 7009 6898 12490 9610 223 9462 2880 2692
internal_count=19722 7232 7009 6898 12490 9610 223 9462 2880 2692
cat_boundaries=0 1
cat_threshold=512
is_linear=0
shrinkage=0.0641065


Tree=47
num_leaves=13
num_cat=1
split_feature=48 0 9 51 50 55 17 55 30 10 17 3
split_gain=139.165 47.1894 40.8887 33.7194 53.4617 33.0448 70.3955 32.2478 54.9691 27.1627 13.6982 10.0896
threshold=25.366928100585941 0 32.788452148437507 25.272230434472174 24.297857808992191 0.74443822970955276 -0.79622599999999999 0.59923372016899512 21.624724388122562 1.5000000000000002 -0.95299999999999996 2.3073580000000002
decision_type=2 9 2 2 2 2 2 2 2 2 2 2
left_child=1 7 5 4 -3 9 -7 10 -9 -2 -1 -5
right_child=2 3 -4 11 -6 6 -8 8 -10 -11 -12 -13
leaf_value=-0.0064269295618326911 -0.0014848848133059232 -0.00089908842036011719 0.042942838491412616 -0.0082580467544187981 0.0132550458766002 0.031496295853048938 -0.0020457301076157479 -0.03481507004156871 0.0036529821326470634 0.011510850790128143 -0.013027882188708432 -0.032090968701814514
leaf_weight=4897 1232 5197 155 146 1390 676 415 165 2041 1426 1755 146
leaf_count=4897 1232 5197 155 146 1390 676 415 165 2041 1426 1755 146
internal_value=-0.000156846 -0.00284453 0.0106772 0.00114109 0.00208774 0.00934319 0.0187374 -0.0059343 0.000775725 0.00548724 -0.00816846 -0.0201745
internal_weight=19641 15737 3904 6879 6587 3749 1091 8858 2206 2658 6652 292
internal_count=19641 15737 3904 6879 6587 3749 1091 8858 2206 2658 6652 292
cat_boundaries=0 1
cat_threshold=4709
is_linear=0
shrinkage=0.0641065


end of trees

feature_importances:
hour=132
source_temp=116
temp_roll_mean_5=66
temp_roll_std_30=42
object_id=40
temp_roll_mean_10=36
minute=28
temp_lag_1=26
temp_roll_mean_20=19
temp_roll_mean_30=19
day_of_week=15
display_y=13
temp_lag_30=13
temp_roll_std_10=13
temp_roll_std_20=13
display_x=9
nearest_person_dy=8
people_count_total=6
temp_lag_2=6
temp_lag_22=6
temp_lag_28=6
nearest_person_dx=5
temp_lag_3=5
temp_lag_13=4
temp_lag_25=4
temp_roll_std_5=4
anchor_y=3
mean_person_distance=2
temp_lag_14=2
temp_lag_15=2
temp_lag_16=2
temp_lag_29=2
temp_delta_1=2
people_count_within_3m=1
nearest_person_distance=1
temp_lag_7=1
temp_lag_8=1
temp_lag_12=1
temp_lag_18=1
temp_lag_19=1
temp_lag_20=1
temp_lag_21=1
temp_lag_24=1
target_minutes_ahead=1

parameters:
[boosting: gbdt]
[objective: regression]
[metric: rmse,l2]
[tree_learner: serial]
[device_type: cpu]
[data_sample_strategy: bagging]
[data: ]
[valid: ]
[num_iterations: 2000]
[learning_rate: 0.0641065]
[num_leaves: 99]
[num_threads: 8]
[seed: 42]
[deterministic: 0]
[force_col_wise: 0]
[force_row_wise: 0]
[histogram_pool_size: -1]
[max_depth: 4]
[min_data_in_leaf: 111]
[min_sum_hessian_in_leaf: 0.001]
[bagging_fraction: 0.85]
[pos_bagging_fraction: 1]
[neg_bagging_fraction: 1]
[bagging_freq: 1]
[bagging_seed: 400]
[bagging_by_query: 0]
[feature_fraction: 0.85]
[feature_fraction_bynode: 1]
[feature_fraction_seed: 30056]
[extra_trees: 0]
[extra_seed: 12879]
[early_stopping_round: 0]
[early_stopping_min_delta: 0]
[first_metric_only: 0]
[max_delta_step: 0]
[lambda_l1: 0]
[lambda_l2: 3.0079e-05]
[linear_lambda: 0]
[min_gain_to_split: 0]
[drop_rate: 0.1]
[max_drop: 50]
[skip_drop: 0.5]
[xgboost_dart_mode: 0]
[uniform_drop: 0]
[drop_seed: 17869]
[top_rate: 0.2]
[other_rate: 0.1]
[min_data_per_group: 100]
[max_cat_threshold: 32]
[cat_l2: 10]
[cat_smooth: 10]
[max_cat_to_onehot: 4]
[top_k: 20]
[monotone_constraints: ]
[monotone_constraints_method: basic]
[monotone_penalty: 0]
[feature_contri: ]
[forcedsplits_filename: ]
[refit_decay_rate: 0.9]
[cegb_tradeoff: 1]
[cegb_penalty_split: 0]
[cegb_penalty_feature_lazy: ]
[cegb_penalty_feature_coupled: ]
[path_smooth: 0]
[interaction_constraints: ]
[verbosity: -1]
[saved_feature_importance_type: 0]
[use_quantized_grad: 0]
[num_grad_quant_bins: 4]
[quant_train_renew_leaf: 0]
[stochastic_rounding: 1]
[linear_tree: 0]
[max_bin: 255]
[max_bin_by_feature: ]
[min_data_in_bin: 3]
[bin_construct_sample_cnt: 200000]
[data_random_seed: 175]
[is_enable_sparse: 1]
[enable_bundle: 1]
[use_missing: 1]
[zero_as_missing: 0]
[feature_pre_filter: 1]
[pre_partition: 0]
[two_round: 0]
[header: 0]
[label_column: ]
[weight_column: ]
[group_column: ]
[ignore_column: ]
[categorical_feature: 0,1]
[forcedbins_filename: ]
[precise_float_parser: 0]
[parser_config_file: ]
[objective_seed: 16083]
[num_class: 1]
[is_unbalance: 0]
[scale_pos_weight: 1]
[sigmoid: 1]
[boost_from_average: 1]
[reg_sqrt: 0]
[alpha: 0.9]
[fair_c: 1]
[poisson_max_delta_step: 0.7]
[tweedie_variance_power: 1.5]
[lambdarank_truncation_level: 30]
[lambdarank_norm: 1]
[label_gain: ]
[lambdarank_position_bias_regularization: 0]
[eval_at: ]
[multi_error_top_k: 1]
[auc_mu_weights: ]
[num_machines: 1]
[local_listen_port: 12400]
[time_out: 120]
[machine_list_filename: ]
[machines: ]
[gpu_platform_id: -1]
[gpu_device_id: -1]
[gpu_use_dp: 0]
[num_gpu: 1]

end of parameters

pandas_categorical:[["light_1", "light_2", "light_3", "light_4", "machine_1", "machine_2", "machine_3", "machine_4", "machine_5", "machine_6", "screen_1", "screen_2", "window_1"], ["Light", "Machine", "Screen", "Window"]]
